0.009494,0.000335,0.000477,1.394423,0.000327,0.000478,2.535350
0.008325,0.000301,0.000362,1.086169,0.000325,0.000400,11.605042
0.008427,0.000313,0.000374,1.153076,0.000328,0.000400,6.532710
0.007620,0.000301,0.000386,1.265823,0.000300,0.000428,3.761905
0.007764,0.000313,0.000398,1.332298,0.000298,0.000442,3.009346
0.008337,0.000313,0.000422,1.315980,0.000307,0.000455,3.164760
0.008940,0.000313,0.000422,1.227242,0.000317,0.000469,4.400593
0.015559,0.000410,0.000615,1.343665,0.000375,0.000678,2.909808
0.016288,0.000410,0.000627,1.308660,0.000379,0.000692,3.239808
0.017024,0.000410,0.000651,1.300283,0.000380,0.000718,3.330189
0.017765,0.000434,0.000663,1.343739,0.000392,0.000731,2.909181
0.019170,0.000419,0.000723,1.311986,0.000408,0.000750,3.205270
0.019803,0.000446,0.000711,1.329072,0.000410,0.000772,3.038853
0.029918,0.000564,0.000818,1.279705,0.000568,0.000838,3.575192
0.035952,0.000603,0.000906,1.259948,0.000604,0.000951,3.846924
0.037869,0.000591,0.000952,1.232410,0.000607,0.000994,4.302740
0.039038,0.000603,0.000952,1.219889,0.000616,0.001016,4.547753
0.004304,0.000121,0.000543,1.260504,0.000126,0.000594,3.838710
0.011098,0.000253,0.000651,1.231939,0.000268,0.000720,4.311475
0.014130,0.000313,0.000687,1.264505,0.000327,0.000754,3.780645
0.017602,0.000374,0.000735,1.295205,0.000391,0.000793,3.387471
0.020689,0.000434,0.000772,1.342657,0.000441,0.000827,2.918367
0.023528,0.000482,0.000808,1.373303,0.000482,0.000855,2.678792
0.026114,0.000530,0.000820,1.381348,0.000515,0.000873,2.622280
0.028567,0.000579,0.000844,1.418021,0.000537,0.000901,2.392226
0.031021,0.000615,0.000856,1.407306,0.000558,0.000915,2.455156
0.032757,0.000663,0.000844,1.417004,0.000570,0.000931,2.398058
0.033438,0.000699,0.000796,1.380206,0.000573,0.000927,2.630157
0.033330,0.000563,0.000980,1.372761,0.000561,0.000931,2.682680
0.030864,0.000548,0.000915,1.348231,0.000548,0.000883,2.871655
0.028917,0.000527,0.000897,1.356607,0.000535,0.000852,2.804209
0.006420,0.000272,0.000357,1.254243,0.000275,0.000380,3.933238
0.007035,0.000285,0.000376,1.261840,0.000289,0.000398,3.819126
0.009971,0.000337,0.000450,1.262394,0.000345,0.000465,3.811060
0.007897,0.000294,0.000408,1.257862,0.000300,0.000426,3.878038
0.010598,0.000362,0.000446,1.262799,0.000347,0.000491,3.805195
0.007469,0.000295,0.000395,1.296604,0.000286,0.000417,3.371500
0.010736,0.000362,0.000446,1.246491,0.000352,0.000489,4.056948
0.011429,0.000356,0.000482,1.245223,0.000367,0.000498,4.077916
0.008301,0.000312,0.000414,1.290431,0.000305,0.000439,3.443162
0.011658,0.000356,0.000494,1.250122,0.000363,0.000519,3.998050
0.012285,0.000386,0.000482,1.256133,0.000379,0.000523,3.904215
0.012888,0.000378,0.000514,1.251655,0.000384,0.000543,3.973693
0.013696,0.000388,0.000529,1.243137,0.000395,0.000556,4.112904
0.008747,0.000313,0.000422,1.254307,0.000301,0.000452,3.932249
0.010796,0.000320,0.000499,1.228810,0.000326,0.000519,4.370430
0.006673,0.000272,0.000366,1.238224,0.000279,0.000373,4.197731
0.006866,0.000280,0.000374,1.264267,0.000284,0.000379,3.784055
0.007246,0.000289,0.000374,1.237937,0.000288,0.000392,4.202797
0.007620,0.000301,0.000386,1.265823,0.000296,0.000402,3.761905
0.007951,0.000301,0.000386,1.213040,0.000303,0.000411,4.693950
0.008433,0.000313,0.000410,1.263760,0.000314,0.000419,3.791328
0.008831,0.000323,0.000424,1.286287,0.000319,0.000435,3.493002
0.008922,0.000313,0.000422,1.229730,0.000317,0.000438,4.352941
0.004624,0.000245,0.000339,1.489674,0.000241,0.000362,2.042174
0.008433,0.000386,0.000398,1.509650,0.000323,0.000486,1.962132
0.009735,0.000434,0.000398,1.471207,0.000322,0.000525,2.122208
0.010664,0.000482,0.000386,1.447145,0.000322,0.000550,2.236410
0.010537,0.000313,0.000540,1.329520,0.000307,0.000551,3.034722
0.009609,0.000307,0.000520,1.377666,0.000292,0.000530,2.647840
0.008988,0.000302,0.000493,1.373619,0.000293,0.000491,2.676522
0.008066,0.000286,0.000469,1.378475,0.000278,0.000468,2.642181
0.007137,0.000299,0.000364,1.264853,0.000304,0.000367,3.775678
0.007427,0.000313,0.000362,1.266234,0.000309,0.000375,3.756098
0.007800,0.000313,0.000374,1.245750,0.000315,0.000385,4.069182
0.008096,0.000326,0.000374,1.246463,0.000321,0.000394,4.057402
0.008319,0.000326,0.000386,1.252174,0.000327,0.000398,3.965517
0.008873,0.000338,0.000398,1.255435,0.000333,0.000417,3.914894
0.016354,0.000446,0.000808,1.827497,0.000457,0.000806,1.208463
0.009211,0.000338,0.000410,1.246073,0.000337,0.000427,4.063830
0.019815,0.000494,0.000784,1.621539,0.000505,0.000793,1.608908
0.009651,0.000338,0.000422,1.224235,0.000344,0.000438,4.459610
0.022383,0.000543,0.000760,1.527067,0.000546,0.000778,1.897292
0.021991,0.000591,0.000711,1.584978,0.000533,0.000764,1.709466
0.022762,0.000758,0.000560,1.545332,0.000521,0.000781,1.833746
0.023299,0.000776,0.000563,1.553946,0.000518,0.000790,1.805231
0.023594,0.000793,0.000571,1.591977,0.000522,0.000797,1.689254
0.023389,0.000860,0.000558,1.702850,0.000513,0.000816,1.422778
0.010567,0.000446,0.000422,1.477467,0.000338,0.000548,2.094385
0.011393,0.000329,0.000591,1.414589,0.000329,0.000566,2.412030
0.011689,0.000324,0.000588,1.352243,0.000325,0.000575,2.838948
0.010929,0.000312,0.000551,1.305414,0.000319,0.000546,3.274243
0.009766,0.000295,0.000524,1.315166,0.000303,0.000516,3.172930
0.009199,0.000290,0.000486,1.269987,0.000294,0.000496,3.703885
0.015125,0.000397,0.000612,1.331290,0.000380,0.000642,3.018504
0.017247,0.000414,0.000660,1.312747,0.000400,0.000689,3.197470
0.019061,0.000434,0.000692,1.305660,0.000418,0.000734,3.271605
0.020882,0.000456,0.000733,1.327945,0.000434,0.000773,3.049296
0.007011,0.000271,0.000394,1.261615,0.000273,0.000401,3.822416
0.007565,0.000285,0.000404,1.261482,0.000278,0.000425,3.824353
0.008759,0.000298,0.000447,1.263592,0.000298,0.000459,3.793736
0.016083,0.000388,0.000650,1.302484,0.000373,0.000696,3.305961
0.017096,0.000393,0.000675,1.287043,0.000380,0.000721,3.483802
0.019302,0.000414,0.000721,1.282252,0.000402,0.000764,3.542939
0.008795,0.000293,0.000449,1.240507,0.000299,0.000462,4.157879
0.010730,0.000326,0.000503,1.267613,0.000324,0.000529,3.736746
0.010905,0.000337,0.000524,1.341733,0.000324,0.000548,2.926259
0.011960,0.000347,0.000540,1.300392,0.000340,0.000566,3.328982
0.024378,0.000627,0.000895,1.908787,0.000667,0.000815,1.100368
0.026229,0.000653,0.000929,1.916673,0.000691,0.000842,1.090902
0.049334,0.001037,0.000989,1.723363,0.000899,0.001143,1.382432
0.048822,0.001028,0.001080,1.887130,0.000862,0.001212,1.127230
0.007083,0.000271,0.000393,1.244766,0.000276,0.000404,4.085537
0.007843,0.000286,0.000412,1.245196,0.000292,0.000425,4.078372
0.010043,0.000313,0.000484,1.251811,0.000318,0.000499,3.971233
0.007101,0.000267,0.000412,1.283531,0.000266,0.000440,3.526950
0.009989,0.000298,0.000502,1.242534,0.000301,0.000526,4.123133
0.012828,0.000340,0.000564,1.237278,0.000339,0.000603,4.214468
0.013533,0.000342,0.000594,1.244648,0.000339,0.000631,4.087504
0.006040,0.000289,0.000362,1.437126,0.000258,0.000410,2.287671
0.007855,0.000350,0.000398,1.468918,0.000310,0.000461,2.132570
0.009392,0.000410,0.000386,1.396662,0.000341,0.000489,2.521036
0.011044,0.000470,0.000398,1.405022,0.000334,0.000549,2.469003
0.006637,0.000262,0.000388,1.270410,0.000265,0.000398,3.698085
0.010947,0.000332,0.000554,1.395925,0.000320,0.000540,2.525731
0.006637,0.000277,0.000374,1.295186,0.000261,0.000407,3.387692
0.008307,0.000281,0.000439,1.229403,0.000286,0.000458,4.359138
0.008705,0.000281,0.000456,1.222243,0.000288,0.000480,4.499573
0.009766,0.000308,0.000481,1.258734,0.000308,0.000509,3.864979
0.007149,0.000271,0.000391,1.229038,0.000276,0.000411,4.366088
0.008886,0.000298,0.000448,1.248304,0.000300,0.000473,4.027320
0.009693,0.000307,0.000474,1.247761,0.000308,0.000500,4.036146
0.010459,0.000317,0.000494,1.240187,0.000316,0.000525,4.163419
0.007330,0.000307,0.000377,1.312500,0.000300,0.000387,3.200002
0.007933,0.000326,0.000374,1.272036,0.000308,0.000405,3.675978
0.008729,0.000338,0.000398,1.276243,0.000317,0.000432,3.620000
0.009205,0.000335,0.000423,1.277169,0.000327,0.000445,3.607902
0.008283,0.000350,0.000398,1.393013,0.000313,0.000470,2.544445
0.009904,0.000398,0.000398,1.325624,0.000338,0.000490,3.071028
0.036826,0.000796,0.000844,1.512522,0.000717,0.000971,1.951134
0.038020,0.000832,0.000808,1.465990,0.000725,0.000953,2.145968
0.039044,0.000868,0.000760,1.400648,0.000718,0.000943,2.495954
0.037688,0.000892,0.000723,1.420346,0.000707,0.000921,2.378995
0.006950,0.000301,0.000386,1.387684,0.000299,0.000428,2.579418
0.008855,0.000362,0.000410,1.388700,0.000339,0.000474,2.572680
0.010567,0.000422,0.000410,1.357673,0.000353,0.000513,2.795853
0.011556,0.000458,0.000410,1.347939,0.000342,0.000540,2.874063
0.011092,0.000470,0.000386,1.356522,0.000329,0.000534,2.804878
0.010706,0.000332,0.000520,1.339527,0.000321,0.000521,2.945274
0.007023,0.000301,0.000350,1.244635,0.000297,0.000372,4.087719
0.007577,0.000301,0.000374,1.233095,0.000304,0.000393,4.290102
0.008289,0.000313,0.000398,1.248000,0.000314,0.000416,4.032258
0.008729,0.000326,0.000398,1.230663,0.000322,0.000426,4.335330
0.009470,0.000338,0.000422,1.247613,0.000335,0.000444,4.038560
0.047906,0.000625,0.001276,1.381569,0.000618,0.001245,2.620759
0.048768,0.000661,0.001263,1.420128,0.000637,0.001234,2.380229
0.047050,0.000641,0.001258,1.421953,0.000614,0.001246,2.369931
0.045193,0.000650,0.001238,1.477001,0.000613,0.001228,2.096431
0.044928,0.000626,0.001196,1.381436,0.000606,0.001175,2.621671
0.039744,0.000603,0.001148,1.443669,0.000572,0.001145,2.253933
0.009482,0.000398,0.000410,1.426573,0.000348,0.000490,2.344262
0.010664,0.000446,0.000410,1.422272,0.000336,0.000533,2.368139
0.011194,0.000324,0.000571,1.371028,0.000319,0.000557,2.695213
0.010573,0.000315,0.000537,1.328962,0.000309,0.000538,3.039861
0.009742,0.000307,0.000512,1.336634,0.000304,0.000508,2.970588
0.009307,0.000298,0.000486,1.292098,0.000298,0.000493,3.423505
0.005323,0.000265,0.000350,1.445074,0.000259,0.000381,2.246819
0.007119,0.000326,0.000386,1.463167,0.000303,0.000437,2.159049
0.008952,0.000386,0.000398,1.422222,0.000336,0.000482,2.368421
0.010519,0.000434,0.000410,1.402865,0.000344,0.000523,2.482219
0.011369,0.000327,0.000587,1.400412,0.000329,0.000560,2.497429
0.011273,0.000324,0.000563,1.341176,0.000316,0.000563,2.931038
0.010447,0.000309,0.000546,1.339476,0.000308,0.000535,2.945718
0.009289,0.000307,0.000486,1.331603,0.000300,0.000487,3.015657
0.038574,0.000575,0.001196,1.478092,0.000546,0.001255,2.091649
0.041510,0.000598,0.001246,1.489432,0.000566,0.001305,2.043184
0.039038,0.000880,0.000820,1.533045,0.000790,0.000870,1.876014
0.042444,0.000916,0.000856,1.532737,0.000821,0.000900,1.877099
0.044132,0.000940,0.000868,1.534217,0.000841,0.000924,1.871900
0.044313,0.000965,0.000808,1.458305,0.000788,0.000978,2.181953
0.006830,0.000286,0.000377,1.309797,0.000280,0.000390,3.227921
0.007324,0.000293,0.000397,1.316070,0.000281,0.000411,3.163858
0.008753,0.000319,0.000431,1.303333,0.000304,0.000460,3.296703
0.008879,0.000350,0.000386,1.260014,0.000326,0.000424,3.845953
0.009434,0.000350,0.000410,1.260064,0.000330,0.000447,3.845209
0.009928,0.000386,0.000398,1.282331,0.000350,0.000445,3.541935
0.010242,0.000386,0.000398,1.243084,0.000355,0.000452,4.113801
0.011122,0.000398,0.000422,1.252033,0.000368,0.000472,3.967742
0.012044,0.000410,0.000446,1.259259,0.000380,0.000498,3.857143
0.013075,0.000422,0.000470,1.258645,0.000391,0.000526,3.866310
0.006938,0.000301,0.000374,1.346655,0.000300,0.000416,2.884712
0.008904,0.000362,0.000386,1.299932,0.000336,0.000453,3.334086
0.010278,0.000410,0.000386,1.276246,0.000335,0.000488,3.619957
0.010622,0.000470,0.000362,1.328036,0.000318,0.000519,3.048443
0.009965,0.000324,0.000468,1.261791,0.000328,0.000484,3.819846
0.010537,0.000328,0.000486,1.255054,0.000330,0.000505,3.920733
0.007059,0.000338,0.000338,1.339026,0.000311,0.000368,2.949622
0.007999,0.000345,0.000351,1.256750,0.000344,0.000364,3.894835
0.009235,0.000353,0.000392,1.241856,0.000353,0.000412,4.134696
0.010031,0.000358,0.000418,1.237429,0.000363,0.000439,4.211776
0.009748,0.000350,0.000422,1.256305,0.000350,0.000436,3.901603
0.010718,0.000372,0.000431,1.241845,0.000362,0.000465,4.134884
0.012388,0.000398,0.000470,1.252555,0.000392,0.000492,3.959538
0.008693,0.000329,0.000399,1.252150,0.000334,0.000407,3.965897
0.009374,0.000336,0.000419,1.244040,0.000343,0.000427,4.097684
0.010085,0.000350,0.000431,1.243275,0.000355,0.000442,4.110568
0.010736,0.000362,0.000434,1.212802,0.000364,0.000459,4.699208
0.011677,0.000374,0.000470,1.248322,0.000376,0.000487,4.027027
0.028513,0.000524,0.000860,1.310294,0.000517,0.000897,3.222753
0.027446,0.000547,0.000854,1.410214,0.000502,0.000913,2.437749
0.030665,0.000560,0.000923,1.398624,0.000529,0.000959,2.508632
0.033318,0.000591,0.000977,1.436222,0.000545,0.001033,2.292410
0.036332,0.000599,0.001016,1.389455,0.000569,0.001057,2.567692
0.027627,0.000500,0.000852,1.278874,0.000498,0.000885,3.585847
0.031352,0.000530,0.000921,1.291337,0.000525,0.000958,3.432450
0.035693,0.000562,0.000982,1.283844,0.000559,0.001025,3.523065
0.003689,0.000121,0.000567,1.535947,0.000123,0.000564,1.865855
0.017494,0.000374,0.000760,1.345968,0.000381,0.000794,2.890438
0.021008,0.000482,0.000723,1.377331,0.000506,0.000726,2.650190
0.022346,0.000530,0.000687,1.353116,0.000576,0.000695,2.831933
0.053952,0.000856,0.001133,1.491397,0.000731,0.001251,2.035016
0.055754,0.000892,0.001182,1.568169,0.000730,0.001318,1.760038
0.055634,0.000746,0.001434,1.594238,0.000724,0.001334,1.682827
0.055694,0.000750,0.001410,1.574258,0.000732,0.001318,1.741376
0.059124,0.000757,0.001404,1.490937,0.000736,0.001328,2.036922
0.058503,0.000784,0.001306,1.450414,0.000727,0.001311,2.220177
0.057762,0.000784,0.001285,1.445959,0.000722,0.001303,2.242360
0.056677,0.000775,0.001273,1.443196,0.000719,0.001292,2.256338
0.010061,0.000458,0.000386,1.457160,0.000316,0.000540,2.187418
0.010399,0.000308,0.000585,1.436970,0.000297,0.000568,2.288488
0.009458,0.000298,0.000546,1.427661,0.000283,0.000543,2.338302
0.008789,0.000281,0.000520,1.380658,0.000275,0.000518,2.627028
0.008072,0.000272,0.000502,1.401498,0.000259,0.000500,2.490671
0.008234,0.000326,0.000398,1.304539,0.000322,0.000399,3.283654
0.008819,0.000326,0.000410,1.254956,0.000328,0.000419,3.922252
0.009374,0.000350,0.000422,1.305466,0.000342,0.000429,3.273684
0.009868,0.000350,0.000434,1.275504,0.000348,0.000444,3.629712
0.010694,0.000362,0.000446,1.251409,0.000363,0.000458,3.977578
0.006685,0.000326,0.000374,1.509468,0.000296,0.000429,1.962832
0.008421,0.000374,0.000386,1.420186,0.000320,0.000467,2.379898
0.009567,0.000434,0.000386,1.451796,0.000312,0.000515,2.213389
0.010091,0.000470,0.000362,1.397849,0.000303,0.000531,2.513514
0.009476,0.000298,0.000502,1.310463,0.000300,0.000509,3.221000
0.008837,0.000276,0.000522,1.353119,0.000273,0.000513,2.831908
0.007330,0.000289,0.000386,1.263158,0.000282,0.000410,3.800000
0.007891,0.000301,0.000398,1.260504,0.000292,0.000429,3.838710
0.008518,0.000318,0.000417,1.291991,0.000309,0.000434,3.424758
0.008940,0.000313,0.000437,1.267161,0.000312,0.000450,3.743060
0.009543,0.000326,0.000446,1.262160,0.000320,0.000473,3.814458
0.006824,0.000350,0.000374,1.588339,0.000276,0.000455,1.699700
0.008114,0.000410,0.000386,1.616642,0.000293,0.000509,1.621687
0.009241,0.000321,0.000531,1.529937,0.000285,0.000552,1.887017
0.009464,0.000296,0.000557,1.442877,0.000282,0.000547,2.257961
0.007565,0.000293,0.000394,1.265920,0.000288,0.000418,3.760531
0.007541,0.000292,0.000395,1.269441,0.000281,0.000428,3.711393
0.008048,0.000301,0.000410,1.273408,0.000290,0.000436,3.657534
0.008626,0.000287,0.000447,1.232704,0.000291,0.000468,4.297300
0.008795,0.000313,0.000434,1.283071,0.000303,0.000466,3.532688
0.009573,0.000326,0.000456,1.289343,0.000309,0.000500,3.456110
0.010640,0.000305,0.000524,1.245134,0.000306,0.000554,4.079405
0.011478,0.000326,0.000537,1.265595,0.000319,0.000574,3.765135
0.010356,0.000367,0.000426,1.250757,0.000362,0.000450,3.987931
0.010676,0.000372,0.000453,1.309091,0.000365,0.000466,3.235295
0.011532,0.000386,0.000458,1.271302,0.000375,0.000482,3.685935
0.012086,0.000385,0.000469,1.239202,0.000393,0.000483,4.180573
0.012213,0.000394,0.000470,1.258318,0.000398,0.000485,3.871205
0.013322,0.000401,0.000506,1.263117,0.000404,0.000524,3.800589
0.014052,0.000410,0.000506,1.225225,0.000416,0.000534,4.440000
0.015137,0.000423,0.000555,1.286372,0.000422,0.000566,3.491959
0.007397,0.000302,0.000383,1.296169,0.000298,0.000391,3.376446
0.007776,0.000313,0.000386,1.289922,0.000311,0.000394,3.449198
0.008301,0.000326,0.000398,1.294118,0.000323,0.000402,3.400000
0.008427,0.000326,0.000398,1.274678,0.000323,0.000412,3.640625
0.009084,0.000338,0.000422,1.300597,0.000335,0.000430,3.326711
0.009223,0.000338,0.000422,1.281046,0.000338,0.000432,3.558140
0.009820,0.000362,0.000434,1.325967,0.000351,0.000446,3.067797
0.010628,0.000362,0.000458,1.293250,0.000356,0.000471,3.410058
0.006432,0.000277,0.000362,1.293346,0.000269,0.000383,3.408946
0.006860,0.000292,0.000382,1.349772,0.000275,0.000402,2.859004
0.007614,0.000313,0.000386,1.317498,0.000298,0.000406,3.149626
0.008138,0.000328,0.000408,1.362225,0.000305,0.000433,2.760713
0.008367,0.000338,0.000398,1.331412,0.000309,0.000433,3.017391
0.008090,0.000313,0.000386,1.239940,0.000321,0.000393,4.167702
0.007921,0.000338,0.000362,1.278539,0.000335,0.000369,3.590164
0.008705,0.000338,0.000398,1.279778,0.000340,0.000398,3.574257
0.009253,0.000350,0.000410,1.284690,0.000349,0.000417,3.512586
0.009699,0.000350,0.000422,1.261653,0.000354,0.000430,3.821853
0.009506,0.000341,0.000428,1.273441,0.000330,0.000451,3.657099
0.016047,0.000422,0.000603,1.314801,0.000416,0.000635,3.176611
0.016656,0.000434,0.000615,1.328990,0.000424,0.000649,3.039604
0.017675,0.000446,0.000627,1.312415,0.000435,0.000664,3.200873
0.018627,0.000446,0.000651,1.293204,0.000442,0.000685,3.410596
0.019272,0.000458,0.000663,1.307476,0.000448,0.000706,3.252289
0.020128,0.000470,0.000675,1.308176,0.000461,0.000711,3.244898
0.021231,0.000482,0.000699,1.317433,0.000475,0.000728,3.150268
0.007855,0.000301,0.000386,1.227936,0.000288,0.000427,4.387206
0.008271,0.000313,0.000398,1.250729,0.000299,0.000431,3.988372
0.009398,0.000319,0.000445,1.252264,0.000312,0.000474,3.964094
0.006330,0.000313,0.000362,1.485714,0.000274,0.000418,2.058824
0.007638,0.000350,0.000362,1.373323,0.000296,0.000438,2.678647
0.008970,0.000422,0.000362,1.411290,0.000300,0.000495,2.431373
0.009531,0.000458,0.000350,1.394054,0.000300,0.000505,2.537721
0.008741,0.000446,0.000326,1.377931,0.000290,0.000484,2.645985
0.008228,0.000296,0.000475,1.417610,0.000275,0.000476,2.394580
0.009488,0.000293,0.000484,1.240268,0.000298,0.000505,4.162012
0.009928,0.000301,0.000496,1.245484,0.000304,0.000520,4.073586
0.010670,0.000312,0.000519,1.259275,0.000312,0.000543,3.856905
0.009500,0.000362,0.000446,1.408629,0.000330,0.000494,2.447205
0.011092,0.000434,0.000422,1.369565,0.000342,0.000535,2.705882
0.012303,0.000494,0.000410,1.365997,0.000341,0.000571,2.732262
0.011351,0.000324,0.000570,1.349442,0.000321,0.000554,2.861702
0.010332,0.000313,0.000540,1.359107,0.000306,0.000532,2.784688
0.009458,0.000305,0.000515,1.375114,0.000296,0.000502,2.665856
0.008084,0.000302,0.000404,1.252796,0.000299,0.000428,3.955754
0.008572,0.000386,0.000374,1.395218,0.000314,0.000468,2.530249
0.010043,0.000434,0.000374,1.339736,0.000318,0.000508,2.943463
0.009850,0.000321,0.000521,1.409441,0.000293,0.000531,2.442353
0.008813,0.000312,0.000477,1.401915,0.000285,0.000498,2.488087
0.008512,0.000458,0.000313,1.399433,0.000273,0.000493,2.503546
0.015137,0.000389,0.000605,1.289901,0.000381,0.000642,3.449455
0.017699,0.000415,0.000664,1.290559,0.000402,0.000713,3.441643
0.019079,0.000424,0.000697,1.285066,0.000414,0.000739,3.507963
0.020333,0.000438,0.000721,1.289507,0.000427,0.000767,3.454151
0.007059,0.000264,0.000404,1.255337,0.000266,0.000419,3.916391
0.007915,0.000280,0.000426,1.251485,0.000281,0.000447,3.976380
0.008596,0.000290,0.000448,1.252064,0.000292,0.000466,3.967240
0.009217,0.000362,0.000398,1.294964,0.000335,0.000461,3.390244
0.010953,0.000470,0.000398,1.416621,0.000332,0.000537,2.400264
0.010851,0.000324,0.000517,1.281104,0.000322,0.000529,3.557407
0.010441,0.000307,0.000537,1.309469,0.000303,0.000538,3.231343
0.009223,0.000307,0.000477,1.317647,0.000298,0.000478,3.148150
0.008904,0.000290,0.000486,1.312119,0.000289,0.000484,3.203905
0.008681,0.000313,0.000422,1.263889,0.000309,0.000444,3.789474
0.009506,0.000338,0.000434,1.278377,0.000328,0.000456,3.592255
0.009965,0.000338,0.000446,1.253479,0.000338,0.000463,3.945107
0.010851,0.000350,0.000470,1.256667,0.000347,0.000491,3.896104
0.011411,0.000350,0.000494,1.256207,0.000351,0.000512,3.903093
0.012141,0.000422,0.000470,1.355511,0.000386,0.000539,2.812849
0.013280,0.000470,0.000458,1.345438,0.000377,0.000570,2.894875
0.012948,0.000358,0.000571,1.310056,0.000366,0.000561,3.225228
0.011845,0.000347,0.000544,1.320834,0.000353,0.000533,3.116874
0.010959,0.000340,0.000510,1.313000,0.000342,0.000504,3.194885
0.006553,0.000241,0.000627,1.913523,0.000224,0.000686,1.094663
0.008952,0.000277,0.000639,1.641751,0.000252,0.000734,1.558237
0.011122,0.000277,0.000687,1.421138,0.000255,0.000803,2.374517
0.013298,0.000265,0.000723,1.196736,0.000281,0.000831,5.082949
0.016360,0.000326,0.000747,1.233603,0.000340,0.000826,4.280764
0.019013,0.000362,0.000772,1.217502,0.000390,0.000844,4.597668
0.021611,0.000410,0.000820,1.289819,0.000433,0.000877,3.450433
0.024752,0.000446,0.000856,1.279591,0.000483,0.000911,3.576655
0.027428,0.000494,0.000868,1.297582,0.000522,0.000916,3.360414
0.029279,0.000530,0.000868,1.304509,0.000543,0.000904,3.283976
0.033269,0.000603,0.000916,1.377061,0.000586,0.000946,2.652090
0.007427,0.000290,0.000375,1.217468,0.000295,0.000394,4.598370
0.035223,0.000639,0.000928,1.396885,0.000601,0.000971,2.519620
0.008054,0.000299,0.000403,1.240695,0.000303,0.000416,4.154636
0.036772,0.000675,0.000965,1.468852,0.000599,0.001019,2.132867
0.008373,0.000303,0.000408,1.226548,0.000310,0.000424,4.414069
0.038116,0.000618,0.001097,1.475432,0.000601,0.001048,2.103348
0.009259,0.000316,0.000433,1.226938,0.000321,0.000454,4.406497
0.039521,0.000606,0.001135,1.444575,0.000603,0.001086,2.249341
0.009760,0.000322,0.000450,1.230971,0.000329,0.000466,4.329558
0.040708,0.000596,0.001171,1.422387,0.000601,0.001116,2.367500
0.041474,0.000595,0.001153,1.371705,0.000604,0.001114,2.690305
0.042203,0.000594,0.001172,1.367916,0.000597,0.001138,2.718011
0.042468,0.000593,0.001165,1.350274,0.000598,0.001137,2.854905
0.042402,0.000592,0.001157,1.339472,0.000587,0.001151,2.945749
0.042402,0.000590,0.001154,1.332242,0.000582,0.001161,3.009853
0.040527,0.000575,0.001130,1.329066,0.000568,0.001133,3.038902
0.011206,0.000398,0.000470,1.384615,0.000366,0.000533,2.600000
0.012490,0.000446,0.000458,1.357143,0.000377,0.000546,2.800000
0.012882,0.000363,0.000593,1.386525,0.000360,0.000571,2.587157
0.012635,0.000355,0.000567,1.321249,0.000362,0.000553,3.112847
0.011339,0.000346,0.000532,1.348181,0.000348,0.000514,2.872068
0.010682,0.000329,0.000515,1.317006,0.000335,0.000505,3.154519
0.029339,0.000510,0.000918,1.324437,0.000498,0.000972,3.082261
0.006824,0.000217,0.000494,1.303886,0.000235,0.000528,3.290704
0.009627,0.000277,0.000555,1.324984,0.000298,0.000587,3.077071
0.012008,0.000326,0.000603,1.355422,0.000344,0.000627,2.813559
0.014769,0.000386,0.000627,1.358367,0.000406,0.000658,2.790433
0.017072,0.000434,0.000627,1.322034,0.000448,0.000664,3.105263
0.019001,0.000482,0.000627,1.319797,0.000478,0.000672,3.126984
0.020550,0.000518,0.000615,1.286594,0.000491,0.000681,3.489258
0.021768,0.000567,0.000591,1.275547,0.000498,0.000691,3.629146
0.032866,0.000568,0.000946,1.355539,0.000537,0.001011,2.812630
0.034150,0.000562,0.001000,1.366687,0.000547,0.001045,2.727118
0.035006,0.000570,0.001010,1.363169,0.000554,0.001050,2.753540
0.036386,0.000581,0.001025,1.357589,0.000558,0.001085,2.796504
0.038779,0.000609,0.001044,1.359556,0.000581,0.001116,2.781211
0.039979,0.000616,0.001075,1.373430,0.000586,0.001140,2.677881
0.006414,0.000350,0.000338,1.526316,0.000269,0.000436,1.900000
0.007819,0.000398,0.000350,1.475713,0.000287,0.000482,2.102107
0.009012,0.000446,0.000350,1.435452,0.000302,0.000516,2.296467
0.009748,0.000319,0.000522,1.415659,0.000293,0.000545,2.405821
0.009253,0.000307,0.000537,1.479319,0.000279,0.000535,2.086293
0.007397,0.000296,0.000391,1.295825,0.000284,0.000417,3.380376
0.007716,0.000326,0.000374,1.307812,0.000297,0.000416,3.248731
0.008542,0.000327,0.000407,1.294421,0.000313,0.000435,3.396501
0.005606,0.000313,0.000326,1.509677,0.000270,0.000364,1.962025
0.006691,0.000340,0.000350,1.475676,0.000311,0.000377,2.102273
0.007167,0.000360,0.000361,1.504016,0.000329,0.000392,1.984063
0.030792,0.000534,0.000949,1.365740,0.000528,0.000956,2.734184
0.030864,0.000551,0.000896,1.326399,0.000543,0.000923,3.063734
0.007288,0.000301,0.000362,1.240695,0.000300,0.000379,4.154639
0.007565,0.000301,0.000362,1.195219,0.000305,0.000389,5.122449
0.007891,0.000289,0.000386,1.173415,0.000301,0.000409,5.766520
0.008349,0.000301,0.000386,1.155235,0.000313,0.000414,6.441861
0.008771,0.000301,0.000410,1.168385,0.000317,0.000430,5.938776
0.009217,0.000326,0.000410,1.200785,0.000331,0.000433,4.980456
0.009470,0.000338,0.000422,1.247613,0.000334,0.000445,4.038560
0.010266,0.000350,0.000434,1.226072,0.000350,0.000459,4.423377
0.010845,0.000362,0.000446,1.234019,0.000358,0.000472,4.273159
0.006426,0.000289,0.000362,1.350844,0.000282,0.000410,2.850267
0.008705,0.000350,0.000422,1.405817,0.000336,0.000472,2.464164
0.010513,0.000410,0.000422,1.364679,0.000357,0.000508,2.742138
0.011803,0.000470,0.000410,1.354443,0.000352,0.000548,2.821326
0.011924,0.000337,0.000568,1.331357,0.000338,0.000558,3.017890
0.010604,0.000328,0.000535,1.373445,0.000324,0.000519,2.677770
0.006661,0.000265,0.000362,1.194570,0.000271,0.000382,5.139535
0.007167,0.000277,0.000362,1.160639,0.000286,0.000392,6.225131
0.007421,0.000277,0.000374,1.158408,0.000289,0.000401,6.312820
0.005232,0.000247,0.000392,1.536866,0.000239,0.000393,1.862661
0.007415,0.000277,0.000374,1.159350,0.000286,0.000404,6.275510
0.005070,0.000259,0.000339,1.434402,0.000250,0.000363,2.302018
0.008066,0.000313,0.000386,1.243647,0.000300,0.000419,4.104294
0.007445,0.000298,0.000399,1.324674,0.000287,0.000415,3.080009
0.006372,0.000253,0.000374,1.231788,0.000256,0.000394,4.314286
0.006830,0.000253,0.000386,1.186231,0.000260,0.000411,5.369668
0.007698,0.000277,0.000410,1.224746,0.000279,0.000434,4.449477
0.007686,0.000289,0.000422,1.317647,0.000278,0.000450,3.148148
0.007656,0.000285,0.000403,1.243286,0.000289,0.000416,4.110385
0.007656,0.000290,0.000399,1.251338,0.000292,0.000411,3.978699
0.008084,0.000289,0.000418,1.240865,0.000291,0.000438,4.151701
0.008741,0.000299,0.000443,1.255974,0.000301,0.000460,3.906654
0.009910,0.000325,0.000465,1.264197,0.000322,0.000485,3.785061
0.017675,0.000446,0.000663,1.388131,0.000458,0.000699,2.576450
0.020357,0.000494,0.000675,1.359787,0.000491,0.000721,2.779424
0.022322,0.000543,0.000663,1.336754,0.000511,0.000731,2.969527
0.023763,0.000591,0.000639,1.317605,0.000521,0.000742,3.148566
0.024504,0.000639,0.000615,1.329889,0.000510,0.000759,3.031320
0.023220,0.000489,0.000769,1.344676,0.000491,0.000738,2.901273
0.012207,0.000404,0.000531,1.456961,0.000381,0.000538,2.188368
0.013370,0.000414,0.000576,1.479647,0.000387,0.000592,2.084867
0.014787,0.000434,0.000591,1.438239,0.000412,0.000608,2.281860
0.015842,0.000446,0.000615,1.436073,0.000412,0.000650,2.293194
0.017554,0.000458,0.000687,1.487637,0.000424,0.000703,2.050704
0.018241,0.000470,0.000711,1.520820,0.000432,0.000729,1.920051
0.018965,0.000470,0.000711,1.462810,0.000438,0.000747,2.160714
0.020152,0.000482,0.000735,1.459767,0.000444,0.000775,2.175016
0.020038,0.000501,0.000630,1.308323,0.000484,0.000659,3.243355
0.021056,0.000495,0.000670,1.306766,0.000496,0.000677,3.259810
0.024456,0.000522,0.000719,1.272878,0.000526,0.000739,3.664643
0.006667,0.000253,0.000374,1.177215,0.000259,0.000405,5.642857
0.006746,0.000247,0.000399,1.215008,0.000254,0.000419,4.650991
0.007583,0.000277,0.000410,1.243243,0.000275,0.000434,4.111111
0.008023,0.000277,0.000422,1.209617,0.000282,0.000449,4.770609
0.006739,0.000392,0.000269,1.296742,0.000270,0.000408,3.369932
0.007529,0.000338,0.000386,1.434748,0.000286,0.000451,2.300184
0.009199,0.000398,0.000398,1.427261,0.000318,0.000498,2.340491
0.010465,0.000458,0.000386,1.400922,0.000321,0.000541,2.494253
0.007180,0.000326,0.000338,1.269521,0.000298,0.000378,3.710280
0.009018,0.000321,0.000430,1.269902,0.000317,0.000450,3.705045
0.007409,0.000297,0.000394,1.306754,0.000290,0.000405,3.259947
0.007728,0.000297,0.000410,1.304212,0.000291,0.000426,3.287180
0.008795,0.000310,0.000438,1.277873,0.000307,0.000457,3.598773
0.021484,0.000507,0.000706,1.382043,0.000489,0.000741,2.617510
0.022256,0.000511,0.000722,1.375649,0.000491,0.000760,2.662056
0.023528,0.000528,0.000733,1.365923,0.000504,0.000777,2.732812
0.024203,0.000534,0.000744,1.361096,0.000512,0.000787,2.769349
0.025306,0.000550,0.000771,1.389804,0.000517,0.000822,2.565389
0.025541,0.000549,0.000778,1.386641,0.000525,0.000813,2.586376
0.026180,0.000555,0.000787,1.385033,0.000522,0.000843,2.597178
0.027000,0.000561,0.000803,1.383880,0.000528,0.000861,2.604978
0.027838,0.000566,0.000816,1.375052,0.000542,0.000866,2.666300
0.028803,0.000572,0.000836,1.376282,0.000544,0.000886,2.657579
0.030611,0.000577,0.000887,1.384971,0.000548,0.000945,2.597597
0.030213,0.000593,0.000868,1.413234,0.000552,0.000932,2.419938
0.031931,0.000598,0.000893,1.387851,0.000564,0.000960,2.578308
0.007674,0.000285,0.000415,1.278105,0.000282,0.000427,3.595765
0.008126,0.000292,0.000418,1.246645,0.000297,0.000431,4.054414
0.008843,0.000301,0.000438,1.238582,0.000308,0.000452,4.191433
0.009314,0.000302,0.000454,1.223301,0.000309,0.000477,4.478259
0.010085,0.000324,0.000477,1.270173,0.000322,0.000494,3.701331
0.010983,0.000330,0.000498,1.238392,0.000333,0.000519,4.194770
0.026289,0.000567,0.000808,1.444164,0.000537,0.000834,2.251420
0.028441,0.000581,0.000811,1.374893,0.000556,0.000854,2.667431
0.009633,0.000311,0.000486,1.301757,0.000301,0.000508,3.313929
0.028549,0.000579,0.000832,1.398649,0.000551,0.000882,2.508475
0.010025,0.000324,0.000491,1.313289,0.000308,0.000519,3.191940
0.029303,0.000582,0.000853,1.405102,0.000558,0.000891,2.468514
0.011074,0.000320,0.000530,1.270697,0.000321,0.000546,3.694165
0.011568,0.000336,0.000541,1.302345,0.000328,0.000559,3.307478
0.007734,0.000326,0.000362,1.262666,0.000317,0.000382,3.807122
0.008066,0.000326,0.000374,1.251121,0.000317,0.000399,3.982143
0.008759,0.000350,0.000386,1.277357,0.000327,0.000418,3.605459
0.009350,0.000337,0.000421,1.259779,0.000338,0.000431,3.849420
0.009760,0.000362,0.000410,1.260037,0.000345,0.000443,3.845606
0.007107,0.000262,0.000427,1.306267,0.000255,0.000445,3.265125
0.007692,0.000272,0.000452,1.324400,0.000262,0.000478,3.082613
0.008898,0.000282,0.000493,1.295206,0.000278,0.000512,3.387465
0.019772,0.000515,0.000618,1.333536,0.000505,0.000645,2.998173
0.009742,0.000311,0.000517,1.367274,0.000292,0.000550,2.722760
0.023202,0.000525,0.000741,1.390109,0.000503,0.000764,2.563383
0.023534,0.000539,0.000728,1.383197,0.000512,0.000764,2.609626
0.024896,0.000550,0.000749,1.373172,0.000527,0.000786,2.679731
0.024010,0.000555,0.000687,1.316596,0.000541,0.000727,3.158604
0.027085,0.000560,0.000792,1.356945,0.000541,0.000834,2.801554
0.027543,0.000579,0.000784,1.365726,0.000555,0.000821,2.734291
0.029243,0.000591,0.000808,1.353535,0.000569,0.000852,2.828571
0.030044,0.000591,0.000820,1.337079,0.000569,0.000877,2.966667
0.030949,0.000603,0.000844,1.363459,0.000577,0.000891,2.751340
0.032034,0.000603,0.000856,1.336093,0.000586,0.000909,2.975364
0.006372,0.000275,0.000372,1.331694,0.000264,0.000394,3.014831
0.007445,0.000286,0.000399,1.270283,0.000285,0.000414,3.699822
0.008451,0.000302,0.000448,1.326105,0.000294,0.000460,3.066492
0.008668,0.000308,0.000450,1.325148,0.000302,0.000455,3.075524
0.007300,0.000270,0.000442,1.354253,0.000262,0.000453,2.822845
0.007198,0.000266,0.000430,1.316402,0.000254,0.000449,3.160539
0.007764,0.000270,0.000453,1.304348,0.000266,0.000471,3.285716
0.007861,0.000326,0.000362,1.242331,0.000327,0.000377,4.126582
0.008464,0.000326,0.000386,1.230769,0.000331,0.000403,4.333333
0.008886,0.000326,0.000398,1.208955,0.000339,0.000409,4.785714
0.008795,0.000326,0.000410,1.258396,0.000334,0.000411,3.870027
0.009211,0.000350,0.000410,1.290576,0.000346,0.000416,3.441442
0.010109,0.000350,0.000422,1.210495,0.000360,0.000437,4.750708
0.007698,0.000298,0.000392,1.260767,0.000291,0.000413,3.834835
0.007210,0.000295,0.000396,1.342341,0.000270,0.000425,2.921062
0.008301,0.000300,0.000416,1.248646,0.000299,0.000436,4.021790
0.008626,0.000326,0.000398,1.245283,0.000305,0.000442,4.076923
0.009078,0.000350,0.000434,1.386454,0.000312,0.000488,2.587629
0.007957,0.000293,0.000407,1.241783,0.000293,0.000425,4.135945
0.008319,0.000297,0.000426,1.262464,0.000295,0.000445,3.810053
0.009018,0.000309,0.000444,1.261209,0.000307,0.000460,3.828352
0.008904,0.000312,0.000430,1.247756,0.000311,0.000448,4.036226
0.007517,0.000309,0.000418,1.424891,0.000288,0.000445,2.353546
0.008150,0.000309,0.000434,1.365640,0.000286,0.000469,2.734933
0.008958,0.000330,0.000457,1.399149,0.000307,0.000482,2.505333
0.009229,0.000326,0.000482,1.410843,0.000308,0.000500,2.434022
0.009754,0.000351,0.000479,1.430482,0.000324,0.000505,2.322976
0.010543,0.000350,0.000494,1.359634,0.000335,0.000513,2.780604
0.011315,0.000350,0.000518,1.328716,0.000345,0.000531,3.042139
0.012683,0.000422,0.000482,1.330799,0.000404,0.000548,3.022989
0.011484,0.000362,0.000530,1.385827,0.000353,0.000546,2.591837
0.014287,0.000482,0.000470,1.316456,0.000412,0.000573,3.160000
0.015082,0.000530,0.000446,1.301359,0.000400,0.000593,3.318302
0.013955,0.000392,0.000571,1.331317,0.000389,0.000563,3.018256
0.012496,0.000375,0.000537,1.337192,0.000372,0.000530,2.965666
0.014226,0.000470,0.000482,1.322034,0.000409,0.000578,3.105263
0.015275,0.000530,0.000470,1.354380,0.000399,0.000607,2.821826
0.013991,0.000384,0.000580,1.318397,0.000384,0.000574,3.140731
0.012912,0.000375,0.000554,1.335201,0.000373,0.000546,2.983288
0.011857,0.000367,0.000512,1.311642,0.000363,0.000516,3.208810
0.009482,0.000345,0.000431,1.301971,0.000340,0.000443,3.311580
0.009748,0.000352,0.000455,1.363908,0.000335,0.000468,2.747950
0.010356,0.000356,0.000464,1.321536,0.000344,0.000480,3.110069
0.010350,0.000367,0.000469,1.379982,0.000347,0.000487,2.631706
0.011351,0.000372,0.000480,1.304514,0.000360,0.000498,3.283921
0.011652,0.000384,0.000498,1.362114,0.000364,0.000517,2.761563
0.012364,0.000374,0.000530,1.330083,0.000369,0.000532,3.029542
0.012762,0.000374,0.000543,1.317903,0.000371,0.000553,3.145617
0.009326,0.000398,0.000410,1.450549,0.000335,0.000508,2.219512
0.010549,0.000458,0.000410,1.476571,0.000329,0.000549,2.098321
0.011315,0.000324,0.000588,1.396910,0.000319,0.000574,2.519465
0.010374,0.000307,0.000537,1.317838,0.000311,0.000534,3.146254
0.009615,0.000292,0.000525,1.323369,0.000292,0.000526,3.092439
0.008572,0.000277,0.000499,1.338745,0.000279,0.000496,2.952069
0.007541,0.000313,0.000362,1.247002,0.000306,0.000385,4.048543
0.007849,0.000313,0.000374,1.238095,0.000315,0.000388,4.200000
0.008277,0.000301,0.000386,1.165331,0.000316,0.000406,6.048458
0.008837,0.000338,0.000398,1.260573,0.000333,0.000414,3.837696
0.009175,0.000338,0.000410,1.250986,0.000334,0.000428,3.984293
0.009681,0.000338,0.000422,1.220423,0.000340,0.000442,4.536723
0.010043,0.000350,0.000422,1.218487,0.000348,0.000449,4.576923
0.006685,0.000265,0.000374,1.229937,0.000271,0.000383,4.349020
0.007095,0.000279,0.000398,1.296455,0.000279,0.000405,3.373190
0.007656,0.000295,0.000403,1.289286,0.000293,0.000417,3.456784
0.008108,0.000313,0.000409,1.309465,0.000308,0.000420,3.231380
0.008349,0.000322,0.000424,1.354573,0.000312,0.000440,2.820298
0.009314,0.000328,0.000438,1.280259,0.000326,0.000451,3.568133
0.005504,0.000277,0.000350,1.461117,0.000253,0.000390,2.168646
0.007517,0.000350,0.000350,1.348837,0.000314,0.000430,2.866667
0.008831,0.000410,0.000386,1.485324,0.000310,0.000499,2.060478
0.010013,0.000458,0.000386,1.464178,0.000310,0.000534,2.154345
0.009018,0.000316,0.000485,1.411639,0.000298,0.000503,2.429315
0.009332,0.000306,0.000516,1.404548,0.000297,0.000497,2.471893
0.007445,0.000280,0.000399,1.242496,0.000284,0.000412,4.123775
0.007499,0.000313,0.000374,1.295820,0.000277,0.000427,3.380435
0.008747,0.000303,0.000428,1.230211,0.000307,0.000445,4.343846
0.009096,0.000312,0.000439,1.246311,0.000312,0.000458,4.059907
0.007095,0.000326,0.000374,1.422260,0.000306,0.000423,2.368209
0.008904,0.000386,0.000386,1.386594,0.000322,0.000472,2.586690
0.009977,0.000446,0.000374,1.386103,0.000314,0.000514,2.589984
0.009476,0.000304,0.000525,1.394676,0.000299,0.000509,2.533722
0.008421,0.000288,0.000475,1.344860,0.000288,0.000466,2.899729
0.007662,0.000277,0.000449,1.345523,0.000278,0.000441,2.894165
0.006908,0.000280,0.000383,1.285221,0.000279,0.000392,3.506056
0.007505,0.000289,0.000386,1.233735,0.000290,0.000406,4.278350
0.008192,0.000313,0.000398,1.262693,0.000309,0.000416,3.806723
0.008638,0.000301,0.000422,1.221214,0.000303,0.000446,4.520505
0.009217,0.000330,0.000439,1.304197,0.000324,0.000451,3.287341
0.009814,0.000350,0.000434,1.282555,0.000337,0.000463,3.539130
0.010151,0.000326,0.000470,1.250594,0.000327,0.000489,3.990521
0.008596,0.000326,0.000386,1.211781,0.000313,0.000427,4.721854
0.009175,0.000316,0.000430,1.227178,0.000320,0.000449,4.401838
0.010127,0.000331,0.000461,1.249707,0.000334,0.000472,4.004698
0.005932,0.000301,0.000338,1.422764,0.000269,0.000397,2.365385
0.007505,0.000362,0.000350,1.397590,0.000290,0.000450,2.515152
0.008873,0.000434,0.000362,1.467391,0.000295,0.000510,2.139535
0.009446,0.000292,0.000546,1.399287,0.000280,0.000533,2.504463
0.009109,0.000288,0.000537,1.407726,0.000268,0.000532,2.452630
0.008421,0.000282,0.000445,1.235816,0.000283,0.000464,4.240587
0.009000,0.000289,0.000458,1.221701,0.000291,0.000481,4.510574
0.009633,0.000289,0.000470,1.171464,0.000297,0.000504,5.832117
0.010031,0.000301,0.000482,1.201923,0.000300,0.000522,4.952381
0.011164,0.000323,0.000523,1.255552,0.000324,0.000543,3.913096
0.006830,0.000270,0.000388,1.271726,0.000265,0.000408,3.680185
0.006727,0.000263,0.000393,1.273656,0.000262,0.000402,3.654225
0.007933,0.000279,0.000428,1.247828,0.000282,0.000446,4.035049
0.008283,0.000288,0.000433,1.246946,0.000292,0.000446,4.049477
0.007421,0.000293,0.000380,1.245485,0.000291,0.000406,4.073564
0.008940,0.000293,0.000460,1.251517,0.000289,0.000497,3.975871
0.009952,0.000326,0.000470,1.275591,0.000315,0.000513,3.628572
0.015468,0.000501,0.000485,1.304754,0.000480,0.000507,3.281331
0.019586,0.000543,0.000579,1.329640,0.000515,0.000606,3.033613
0.018699,0.000518,0.000555,1.275306,0.000523,0.000575,3.632318
0.020978,0.000530,0.000627,1.314942,0.000523,0.000652,3.175183
0.023335,0.000561,0.000690,1.377118,0.000542,0.000692,2.651691
0.022051,0.000567,0.000627,1.336249,0.000547,0.000655,2.973984
0.026880,0.000593,0.000776,1.420946,0.000554,0.000798,2.375600
0.025644,0.000615,0.000699,1.390691,0.000574,0.000721,2.559567
0.010905,0.000470,0.000386,1.379768,0.000336,0.000535,2.633188
0.010616,0.000324,0.000537,1.359455,0.000318,0.000529,2.781993
0.010055,0.000315,0.000520,1.353117,0.000311,0.000516,2.831918
0.008970,0.000302,0.000485,1.353866,0.000299,0.000475,2.825931
0.008578,0.000298,0.000477,1.377372,0.000288,0.000477,2.649908
0.007710,0.000290,0.000435,1.355747,0.000283,0.000435,2.810989
0.007734,0.000313,0.000398,1.337490,0.000302,0.000416,2.963048
0.007909,0.000313,0.000398,1.307927,0.000303,0.000421,3.247525
0.008470,0.000313,0.000398,1.221352,0.000315,0.000427,4.517685
0.008687,0.000326,0.000410,1.274115,0.000321,0.000431,3.648101
0.009386,0.000338,0.000434,1.294798,0.000329,0.000458,3.392157
0.009585,0.000338,0.000434,1.267925,0.000332,0.000461,3.732394
0.010176,0.000338,0.000446,1.227488,0.000340,0.000476,4.395833
0.010260,0.000350,0.000458,1.294947,0.000343,0.000485,3.390438
0.011098,0.000350,0.000470,1.228680,0.000353,0.000501,4.372921
0.007240,0.000307,0.000356,1.252956,0.000309,0.000366,3.953261
0.007776,0.000313,0.000374,1.249612,0.000314,0.000386,4.006211
0.008174,0.000318,0.000388,1.253097,0.000318,0.000402,3.951050
0.008560,0.000329,0.000404,1.288732,0.000324,0.000414,3.463415
0.009247,0.000338,0.000410,1.241199,0.000340,0.000424,4.145946
0.009784,0.000345,0.000431,1.261861,0.000344,0.000446,3.818825
0.010368,0.000362,0.000434,1.255814,0.000356,0.000455,3.909091
0.006209,0.000277,0.000362,1.339806,0.000281,0.000398,2.942857
0.007813,0.000326,0.000386,1.333333,0.000322,0.000429,3.000000
0.010857,0.000386,0.000723,2.132149,0.000384,0.000824,0.883276
0.013726,0.000458,0.000723,2.002635,0.000454,0.000761,0.997372
0.014829,0.000458,0.000699,1.791870,0.000454,0.000705,1.262834
0.014220,0.000458,0.000651,1.739720,0.000402,0.000671,1.351862
0.016366,0.000702,0.000451,1.605141,0.000442,0.000706,1.652506
0.018730,0.000518,0.000579,1.328613,0.000467,0.000664,3.043095
0.019652,0.000567,0.000543,1.297546,0.000463,0.000679,3.360825
0.019760,0.000591,0.000530,1.315436,0.000448,0.000685,3.170213
0.018139,0.000567,0.000506,1.312064,0.000436,0.000649,3.204473
0.009657,0.000350,0.000410,1.230961,0.000347,0.000437,4.329730
0.009971,0.000350,0.000410,1.192261,0.000357,0.000439,5.201258
0.010742,0.000362,0.000422,1.178451,0.000367,0.000458,5.603774
0.011007,0.000374,0.000434,1.222344,0.000373,0.000467,4.497537
0.011779,0.000386,0.000446,1.211873,0.000382,0.000487,4.719807
0.012569,0.000386,0.000470,1.197122,0.000393,0.000503,5.072993
0.012099,0.000422,0.000494,1.429995,0.000366,0.000572,2.325608
0.013431,0.000458,0.000482,1.364452,0.000382,0.000578,2.743842
0.014329,0.000506,0.000446,1.307531,0.000384,0.000599,3.251710
0.014679,0.000555,0.000422,1.322382,0.000365,0.000628,3.101911
0.013618,0.000530,0.000422,1.363435,0.000359,0.000594,2.751523
0.014763,0.000404,0.000664,1.507770,0.000364,0.000703,1.969397
0.012912,0.000397,0.000681,1.735821,0.000357,0.000711,1.359027
0.013678,0.000408,0.000673,1.663182,0.000372,0.000701,1.507883
0.013804,0.000419,0.000705,1.776727,0.000372,0.000730,1.287453
0.013581,0.000400,0.000717,1.752330,0.000363,0.000741,1.329204
0.007831,0.000410,0.000313,1.361047,0.000311,0.000425,2.769723
0.007843,0.000410,0.000313,1.358955,0.000306,0.000432,2.785867
0.008114,0.000410,0.000301,1.263001,0.000307,0.000440,3.802260
0.015535,0.000419,0.000772,1.728339,0.000381,0.000789,1.372988
0.018404,0.000425,0.000773,1.482774,0.000396,0.000798,2.071364
0.016571,0.000446,0.000752,1.679409,0.000397,0.000788,1.471868
0.017874,0.000422,0.000808,1.581787,0.000393,0.000847,1.718841
0.016813,0.000422,0.000784,1.631409,0.000385,0.000812,1.583759
0.009332,0.000424,0.000333,1.252291,0.000341,0.000457,3.963670
0.017922,0.000422,0.000808,1.577531,0.000397,0.000840,1.731508
0.019067,0.000447,0.000850,1.651428,0.000411,0.000859,1.535088
0.019272,0.000452,0.000825,1.603666,0.000418,0.000850,1.656546
0.019748,0.000449,0.000837,1.578167,0.000417,0.000868,1.729605
0.022991,0.000467,0.000879,1.480021,0.000432,0.000900,2.083240
0.021105,0.000464,0.000902,1.643965,0.000417,0.000933,1.552879
0.007035,0.000296,0.000354,1.237455,0.000300,0.000367,4.211332
0.007632,0.000302,0.000372,1.220853,0.000303,0.000394,4.527899
0.008831,0.000338,0.000386,1.223208,0.000330,0.000417,4.480122
0.009295,0.000337,0.000407,1.224354,0.000341,0.000426,4.457246
0.007837,0.000318,0.000377,1.270769,0.000314,0.000388,3.693184
0.008385,0.000338,0.000374,1.248023,0.000319,0.000411,4.031884
0.009157,0.000350,0.000398,1.260039,0.000335,0.000428,3.845570
0.009742,0.000362,0.000410,1.262376,0.000342,0.000446,3.811321
0.010308,0.000357,0.000450,1.292027,0.000343,0.000469,3.424342
0.011170,0.000371,0.000461,1.270335,0.000356,0.000493,3.699111
0.016270,0.000478,0.000559,1.362697,0.000474,0.000563,2.757126
0.018078,0.000491,0.000596,1.342250,0.000479,0.000616,2.921838
0.018790,0.000492,0.000580,1.258133,0.000500,0.000594,3.873978
0.019332,0.000507,0.000598,1.301403,0.000497,0.000618,3.317818
0.019405,0.000499,0.000614,1.310407,0.000500,0.000626,3.221578
0.019489,0.000500,0.000602,1.282802,0.000504,0.000627,3.536045
0.020152,0.000507,0.000611,1.275834,0.000514,0.000635,3.625372
0.020767,0.000518,0.000635,1.312517,0.000516,0.000658,3.199821
0.022196,0.000515,0.000648,1.247593,0.000524,0.000679,4.038883
0.022865,0.000544,0.000654,1.289346,0.000528,0.000698,3.456076
0.023184,0.000534,0.000684,1.306614,0.000526,0.000716,3.261429
0.010453,0.000276,0.000581,1.275199,0.000275,0.000613,3.633729
0.011007,0.000282,0.000620,1.316112,0.000275,0.000659,3.163440
0.011176,0.000286,0.000667,1.415857,0.000271,0.000705,2.404670
0.010561,0.000319,0.000497,1.246328,0.000324,0.000511,4.059630
0.005443,0.000289,0.000338,1.488372,0.000263,0.000389,2.047619
0.007294,0.000350,0.000374,1.485950,0.000303,0.000452,2.057823
0.009121,0.000398,0.000410,1.483146,0.000329,0.000503,2.069767
0.010320,0.000446,0.000410,1.469626,0.000327,0.000533,2.129353
0.010947,0.000316,0.000570,1.367754,0.000319,0.000552,2.719211
0.010429,0.000305,0.000567,1.374526,0.000302,0.000550,2.670042
0.009573,0.000295,0.000534,1.363245,0.000297,0.000522,2.752963
0.008488,0.000313,0.000410,1.255682,0.000307,0.000434,3.911111
0.008777,0.000317,0.000431,1.292591,0.000310,0.000446,3.417741
0.009729,0.000342,0.000441,1.284666,0.000328,0.000470,3.512887
0.010344,0.000362,0.000446,1.293706,0.000335,0.000485,3.404762
0.011194,0.000374,0.000458,1.268713,0.000347,0.000505,3.721443
0.006179,0.000247,0.000376,1.248555,0.000247,0.000400,4.023252
0.006541,0.000251,0.000383,1.219198,0.000257,0.000400,4.562090
0.007023,0.000277,0.000386,1.263519,0.000271,0.000413,3.794788
0.006070,0.000289,0.000362,1.429990,0.000261,0.000407,2.325635
0.008048,0.000290,0.000422,1.263530,0.000284,0.000454,3.794640
0.007523,0.000350,0.000362,1.394231,0.000287,0.000443,2.536585
0.009181,0.000410,0.000386,1.428759,0.000309,0.000501,2.332312
0.010061,0.000324,0.000518,1.384528,0.000296,0.000544,2.600592
0.010079,0.000307,0.000554,1.399521,0.000281,0.000562,2.502996
0.007595,0.000313,0.000410,1.403175,0.000295,0.000455,2.480315
0.009561,0.000374,0.000434,1.407314,0.000329,0.000496,2.455108
0.011170,0.000434,0.000434,1.398813,0.000342,0.000548,2.507442
0.012400,0.000368,0.000566,1.392832,0.000352,0.000577,2.545616
0.013334,0.000359,0.000606,1.354908,0.000345,0.000612,2.817634
0.012641,0.000348,0.000595,1.357948,0.000329,0.000602,2.793698
0.020490,0.000496,0.000660,1.323253,0.000482,0.000689,3.093551
0.021093,0.000501,0.000663,1.307688,0.000490,0.000702,3.250049
0.021442,0.000501,0.000669,1.296823,0.000492,0.000709,3.369010
0.021816,0.000512,0.000679,1.323017,0.000500,0.000711,3.095808
0.022395,0.000523,0.000685,1.326406,0.000507,0.000720,3.063666
0.023154,0.000534,0.000696,1.329966,0.000516,0.000731,3.030614
0.023636,0.000529,0.000708,1.314857,0.000516,0.000748,3.176045
0.024595,0.000544,0.000725,1.329180,0.000526,0.000762,3.037852
0.025348,0.000555,0.000736,1.335874,0.000535,0.000773,2.977307
0.025927,0.000551,0.000755,1.330854,0.000538,0.000787,3.022483
0.007945,0.000313,0.000386,1.262519,0.000313,0.000397,3.809248
0.026705,0.000557,0.000758,1.310984,0.000547,0.000794,3.215598
0.008560,0.000338,0.000386,1.261972,0.000324,0.000415,3.817204
0.027513,0.000565,0.000769,1.310383,0.000557,0.000806,3.221823
0.009386,0.000350,0.000410,1.266538,0.000339,0.000435,3.751807
0.028073,0.000572,0.000799,1.351084,0.000560,0.000819,2.848320
0.010218,0.000374,0.000422,1.280236,0.000348,0.000459,3.568421
0.010899,0.000374,0.000446,1.268805,0.000359,0.000474,3.720165
0.025288,0.000508,0.000754,1.257638,0.000505,0.000808,3.881409
0.028724,0.000532,0.000816,1.254086,0.000527,0.000880,3.935677
0.030075,0.000549,0.000841,1.272745,0.000540,0.000910,3.666425
0.005769,0.000277,0.000350,1.393939,0.000268,0.000395,2.538461
0.007409,0.000338,0.000374,1.412531,0.000307,0.000443,2.424063
0.009145,0.000386,0.000398,1.392221,0.000329,0.000485,2.549580
0.010302,0.000315,0.000563,1.428905,0.000319,0.000531,2.331516
0.010784,0.000307,0.000554,1.307993,0.000307,0.000550,3.246825
0.007668,0.000282,0.000426,1.298038,0.000272,0.000450,3.355279
0.009772,0.000307,0.000520,1.354719,0.000298,0.000515,2.819130
0.008343,0.000310,0.000418,1.289780,0.000307,0.000432,3.450900
0.009115,0.000290,0.000494,1.304233,0.000288,0.000495,3.286958
0.008458,0.000281,0.000477,1.317178,0.000282,0.000474,3.152808
0.009247,0.000326,0.000434,1.267275,0.000326,0.000443,3.741463
0.009338,0.000338,0.000434,1.301485,0.000325,0.000455,3.316916
0.009657,0.000338,0.000434,1.258427,0.000333,0.000451,3.869565
0.010236,0.000338,0.000458,1.253239,0.000341,0.000468,3.948837
0.010688,0.000350,0.000470,1.275804,0.000347,0.000483,3.625767
0.011176,0.000362,0.000482,1.294498,0.000354,0.000498,3.395604
0.011827,0.000374,0.000494,1.295617,0.000363,0.000513,3.382759
0.012358,0.000374,0.000518,1.300488,0.000366,0.000536,3.327922
0.006746,0.000267,0.000393,1.288651,0.000265,0.000401,3.464394
0.025330,0.000434,0.001206,1.713470,0.000427,0.001259,1.401601
0.027687,0.000458,0.001194,1.638145,0.000448,0.001252,1.567042
0.030617,0.000494,0.001194,1.598346,0.000473,0.001250,1.671273
0.008524,0.000288,0.000443,1.244177,0.000291,0.000461,4.095385
0.036115,0.000506,0.001230,1.430145,0.000487,0.001348,2.324796
0.041456,0.000555,0.001194,1.324415,0.000545,0.001315,3.082474
0.043349,0.000579,0.001157,1.281602,0.000572,0.001287,3.551111
0.045320,0.000627,0.001085,1.245012,0.000634,0.001175,4.081433
0.008060,0.000326,0.000374,1.252057,0.000325,0.000388,3.967359
0.008524,0.000338,0.000386,1.267327,0.000334,0.000397,3.740741
0.009054,0.000338,0.000398,1.230360,0.000340,0.000414,4.341041
0.009500,0.000338,0.000422,1.243655,0.000344,0.000430,4.104167
0.010121,0.000350,0.000434,1.243597,0.000352,0.000447,4.105134
0.010766,0.000368,0.000450,1.277115,0.000363,0.000463,3.608613
0.011285,0.000374,0.000458,1.258547,0.000373,0.000472,3.867769
0.009567,0.000350,0.000434,1.315690,0.000347,0.000485,3.167665
0.011050,0.000398,0.000422,1.260229,0.000377,0.000493,3.842767
0.012056,0.000446,0.000398,1.221000,0.000379,0.000517,4.524887
0.012611,0.000494,0.000386,1.254302,0.000366,0.000545,3.932331
0.011990,0.000482,0.000374,1.246858,0.000360,0.000523,4.050917
0.017120,0.000416,0.000624,1.256856,0.000413,0.000665,3.893230
0.018091,0.000426,0.000652,1.274109,0.000423,0.000692,3.648189
0.019778,0.000445,0.000647,1.205458,0.000448,0.000707,4.867178
0.021454,0.000465,0.000687,1.236225,0.000462,0.000748,4.233251
0.019929,0.000488,0.000664,1.349803,0.000475,0.000692,2.858749
0.020604,0.000497,0.000679,1.358504,0.000480,0.000708,2.789370
0.020628,0.000508,0.000668,1.363285,0.000484,0.000698,2.752659
0.020845,0.000508,0.000663,1.339811,0.000487,0.000701,2.942810
0.021647,0.000513,0.000681,1.337948,0.000492,0.000724,2.959035
0.021689,0.000521,0.000678,1.349524,0.000499,0.000714,2.861033
0.022582,0.000530,0.000708,1.377547,0.000501,0.000745,2.648680
0.022913,0.000540,0.000704,1.375520,0.000506,0.000745,2.662974
0.024034,0.000540,0.000737,1.372374,0.000508,0.000788,2.685473
0.025559,0.000548,0.000862,1.533636,0.000518,0.000885,1.873936
0.025149,0.000545,0.000822,1.476441,0.000511,0.000860,2.098895
0.006281,0.000289,0.000362,1.381958,0.000283,0.000399,2.618090
0.026102,0.000545,0.000888,1.539176,0.000523,0.000903,1.854684
0.007897,0.000338,0.000374,1.325191,0.000324,0.000435,3.075117
0.025692,0.000567,0.000758,1.386489,0.000533,0.000796,2.587395
0.009247,0.000386,0.000374,1.293351,0.000339,0.000470,3.408889
0.027500,0.000560,0.000907,1.533538,0.000532,0.000929,1.874282
0.010188,0.000422,0.000374,1.284024,0.000337,0.000485,3.520833
0.026090,0.000564,0.000764,1.369593,0.000547,0.000784,2.705676
0.010417,0.000470,0.000362,1.354167,0.000318,0.000512,2.823529
0.026880,0.000583,0.000764,1.372825,0.000550,0.000801,2.682225
0.009856,0.000458,0.000350,1.348012,0.000314,0.000494,2.873462
0.029369,0.000576,0.000946,1.538094,0.000550,0.000968,1.858412
0.027977,0.000579,0.000820,1.406593,0.000548,0.000850,2.459460
0.007065,0.000297,0.000367,1.276450,0.000289,0.000385,3.617285
0.007348,0.000303,0.000371,1.269392,0.000297,0.000390,3.712067
0.007644,0.000326,0.000362,1.277603,0.000305,0.000397,3.602273
0.008662,0.000322,0.000410,1.263024,0.000317,0.000429,3.801927
0.009169,0.000320,0.000431,1.248126,0.000322,0.000451,4.030210
0.007571,0.000301,0.000375,1.235938,0.000302,0.000393,4.238400
0.008023,0.000308,0.000389,1.241124,0.000308,0.000405,4.147244
0.008379,0.000310,0.000402,1.232430,0.000311,0.000420,4.302380
0.008693,0.000319,0.000402,1.225138,0.000324,0.000420,4.441726
0.008867,0.000317,0.000412,1.220938,0.000320,0.000433,4.526152
0.009199,0.000325,0.000420,1.231554,0.000328,0.000438,4.318646
0.009784,0.000330,0.000445,1.246520,0.000332,0.000461,4.056459
0.010007,0.000335,0.000438,1.216184,0.000340,0.000459,4.625697
0.010242,0.000341,0.000442,1.220304,0.000346,0.000463,4.539172
0.010670,0.000345,0.000452,1.211544,0.000351,0.000476,4.727155
0.005817,0.000277,0.000350,1.382383,0.000269,0.000391,2.615176
0.007806,0.000338,0.000386,1.383784,0.000317,0.000438,2.605634
0.009488,0.000398,0.000386,1.341804,0.000338,0.000476,2.925651
0.010387,0.000434,0.000374,1.295415,0.000334,0.000505,3.385069
0.010604,0.000470,0.000362,1.330301,0.000318,0.000521,3.027539
0.009585,0.000446,0.000350,1.349686,0.000308,0.000491,2.859712
0.009030,0.000307,0.000477,1.345794,0.000298,0.000474,2.891893
0.008675,0.000386,0.000398,1.467686,0.000334,0.000492,2.138187
0.010356,0.000434,0.000422,1.466822,0.000339,0.000539,2.142145
0.011616,0.000329,0.000608,1.429395,0.000333,0.000577,2.328858
0.011894,0.000315,0.000605,1.331475,0.000320,0.000598,3.016819
0.010748,0.000307,0.000554,1.312395,0.000308,0.000551,3.201079
0.009940,0.000293,0.000538,1.312590,0.000296,0.000536,3.199083
0.009301,0.000290,0.000503,1.300065,0.000293,0.000503,3.332615
0.007776,0.000313,0.000398,1.330233,0.000317,0.000437,3.028169
0.009645,0.000362,0.000422,1.312500,0.000351,0.000472,3.200000
0.010887,0.000434,0.000398,1.315615,0.000363,0.000491,3.168421
0.011888,0.000470,0.000410,1.344828,0.000357,0.000527,2.900000
0.007161,0.000289,0.000410,1.373737,0.000294,0.000434,2.675676
0.009115,0.000338,0.000446,1.370370,0.000339,0.000480,2.700000
0.011074,0.000386,0.000470,1.358737,0.000374,0.000513,2.787557
0.012942,0.000446,0.000470,1.344201,0.000399,0.000541,2.905277
0.014070,0.000494,0.000446,1.299914,0.000398,0.000566,3.334286
0.013714,0.000518,0.000434,1.360879,0.000385,0.000561,2.771011
0.007035,0.000277,0.000404,1.319098,0.000271,0.000414,3.133838
0.008023,0.000313,0.000410,1.328325,0.000291,0.000442,3.045767
0.008662,0.000313,0.000437,1.310676,0.000297,0.000469,3.218790
0.007861,0.000302,0.000410,1.305521,0.000294,0.000420,3.273093
0.008228,0.000326,0.000386,1.265934,0.000309,0.000419,3.760331
0.008964,0.000329,0.000431,1.312710,0.000320,0.000443,3.197850
0.008602,0.000338,0.000398,1.295025,0.000328,0.000413,3.389549
0.009404,0.000350,0.000410,1.264103,0.000344,0.000430,3.786408
0.009989,0.000350,0.000422,1.225106,0.000355,0.000440,4.442359
0.010802,0.000362,0.000446,1.238839,0.000366,0.000466,4.186916
0.011478,0.000374,0.000458,1.237395,0.000376,0.000482,4.212389
0.035837,0.000568,0.001040,1.366002,0.000537,0.001125,2.732228
0.011375,0.000398,0.000482,1.399046,0.000381,0.000533,2.505976
0.012924,0.000446,0.000470,1.346082,0.000406,0.000547,2.889488
0.014184,0.000494,0.000458,1.324267,0.000406,0.000573,3.083879
0.014498,0.000518,0.000446,1.323077,0.000394,0.000580,3.095238
0.013491,0.000392,0.000563,1.356568,0.000383,0.000559,2.804514
0.012701,0.000494,0.000422,1.362126,0.000370,0.000544,2.761468
0.016776,0.000420,0.000636,1.321770,0.000409,0.000664,3.107808
0.018157,0.000446,0.000639,1.302125,0.000429,0.000686,3.309890
0.019266,0.000442,0.000682,1.296621,0.000436,0.000714,3.371308
0.020502,0.000455,0.000709,1.305031,0.000446,0.000745,3.278353
0.021732,0.000469,0.000725,1.296810,0.000459,0.000769,3.369159
0.009621,0.000386,0.000410,1.363409,0.000344,0.000492,2.751724
0.010923,0.000434,0.000410,1.350993,0.000349,0.000521,2.849057
0.011719,0.000482,0.000398,1.358025,0.000340,0.000553,2.793103
0.011387,0.000332,0.000546,1.321334,0.000329,0.000544,3.112028
0.010296,0.000324,0.000512,1.334894,0.000319,0.000506,2.986015
0.009597,0.000315,0.000486,1.324749,0.000315,0.000488,3.079305
0.008976,0.000298,0.000477,1.316319,0.000305,0.000468,3.161361
0.005564,0.000277,0.000350,1.445287,0.000266,0.000385,2.245742
0.007306,0.000338,0.000386,1.478548,0.000307,0.000447,2.089655
0.008662,0.000386,0.000386,1.425191,0.000328,0.000473,2.351882
0.009892,0.000434,0.000398,1.447898,0.000327,0.000512,2.232653
0.010109,0.000316,0.000546,1.414126,0.000310,0.000525,2.414722
0.009959,0.000309,0.000531,1.364706,0.000307,0.000520,2.741935
0.009199,0.000302,0.000502,1.367728,0.000300,0.000490,2.719401
0.009000,0.000301,0.000494,1.370159,0.000298,0.000481,2.701544
0.007788,0.000291,0.000404,1.253870,0.000291,0.000423,3.939026
0.009494,0.000313,0.000462,1.265813,0.000312,0.000485,3.762038
0.005763,0.000277,0.000326,1.299163,0.000274,0.000373,3.342657
0.006752,0.000326,0.000350,1.398214,0.000273,0.000419,2.511211
0.007831,0.000386,0.000338,1.379523,0.000285,0.000457,2.634888
0.008271,0.000275,0.000501,1.382799,0.000265,0.000487,2.612339
0.007595,0.000281,0.000452,1.388095,0.000260,0.000458,2.576689
0.025849,0.000548,0.000730,1.284594,0.000543,0.000764,3.513777
0.026657,0.000555,0.000747,1.289308,0.000548,0.000781,3.456522
0.028664,0.000561,0.000822,1.333169,0.000555,0.000838,3.001477
0.030828,0.000573,0.000845,1.303089,0.000570,0.000872,3.299356
0.032142,0.000585,0.000877,1.323860,0.000577,0.000903,3.087751
0.032878,0.000591,0.000878,1.308378,0.000583,0.000911,3.242777
0.033818,0.000604,0.000909,1.346552,0.000590,0.000927,2.885571
0.035120,0.000603,0.000922,1.312921,0.000597,0.000953,3.195691
0.035886,0.000614,0.000927,1.316093,0.000605,0.000960,3.163621
0.036428,0.000616,0.000926,1.298989,0.000609,0.000965,3.344605
0.038056,0.000631,0.000959,1.319178,0.000622,0.000993,3.133053
0.007198,0.000289,0.000386,1.287997,0.000274,0.000413,3.472256
0.009470,0.000309,0.000465,1.258052,0.000312,0.000480,3.875190
0.005516,0.000277,0.000326,1.357377,0.000263,0.000376,2.798165
0.007354,0.000350,0.000374,1.473770,0.000302,0.000455,2.110727
0.008994,0.000410,0.000386,1.458445,0.000327,0.000490,2.181287
0.010399,0.000446,0.000398,1.415652,0.000323,0.000537,2.405858
0.011122,0.000310,0.000608,1.403613,0.000310,0.000580,2.477622
0.010766,0.000307,0.000581,1.373983,0.000300,0.000574,2.673920
0.009802,0.000291,0.000544,1.338912,0.000290,0.000541,2.950615
0.009042,0.000286,0.000517,1.355613,0.000284,0.000506,2.812049
0.010477,0.000506,0.000326,1.304948,0.000321,0.000522,3.279245
0.011044,0.000518,0.000326,1.267467,0.000330,0.000536,3.738775
0.010622,0.000530,0.000313,1.298524,0.000317,0.000565,3.349810
0.011869,0.000543,0.000326,1.234129,0.000338,0.000565,4.271150
0.021165,0.000540,0.000734,1.552817,0.000518,0.000760,1.808916
0.025119,0.000559,0.000808,1.490556,0.000548,0.000863,2.038503
0.025276,0.000555,0.000816,1.484817,0.000528,0.000857,2.062635
0.028230,0.000575,0.000852,1.438509,0.000573,0.000915,2.280457
0.027488,0.000580,0.000872,1.526388,0.000573,0.000924,1.899738
0.031961,0.000589,0.000866,1.323203,0.000580,0.000935,3.094031
0.008102,0.000328,0.000393,1.317663,0.000310,0.000418,3.147990
0.009042,0.000338,0.000410,1.269333,0.000331,0.000439,3.712871
0.010616,0.000348,0.000464,1.262398,0.000347,0.000483,3.811010
0.007535,0.000350,0.000362,1.392000,0.000315,0.000437,2.551020
0.009524,0.000410,0.000398,1.420253,0.000332,0.000497,2.379518
0.009169,0.000362,0.000398,1.301775,0.000360,0.000436,3.313725
0.012261,0.000518,0.000386,1.352999,0.000383,0.000567,2.832869
0.012032,0.000570,0.000358,1.407512,0.000359,0.000595,2.453918
0.006378,0.000313,0.000362,1.474480,0.000284,0.000415,2.107570
0.007897,0.000374,0.000362,1.419847,0.000300,0.000458,2.381818
0.009193,0.000434,0.000362,1.416393,0.000297,0.000505,2.401575
0.009645,0.000290,0.000543,1.354986,0.000285,0.000530,2.817012
0.008807,0.000283,0.000516,1.375141,0.000274,0.000509,2.665665
0.011176,0.000356,0.000582,1.537206,0.000331,0.000620,1.861482
0.008017,0.000273,0.000480,1.354910,0.000262,0.000481,2.817615
0.013768,0.000363,0.000590,1.288607,0.000359,0.000613,3.464918
0.014914,0.000390,0.000604,1.309573,0.000375,0.000645,3.230256
0.015113,0.000388,0.000605,1.288208,0.000379,0.000643,3.469713
0.013841,0.000395,0.000625,1.481550,0.000370,0.000673,2.076630
0.015932,0.000395,0.000643,1.323527,0.000381,0.000683,3.090930
0.016710,0.000408,0.000646,1.309091,0.000389,0.000697,3.235294
0.017723,0.000411,0.000674,1.297488,0.000399,0.000714,3.361477
0.018458,0.000426,0.000685,1.309489,0.000404,0.000739,3.231132
0.008717,0.000333,0.000409,1.296187,0.000322,0.000433,3.376243
0.010821,0.000372,0.000446,1.271891,0.000353,0.000483,3.677948
0.006281,0.000277,0.000362,1.324376,0.000276,0.000401,3.082840
0.008548,0.000338,0.000410,1.342736,0.000331,0.000450,2.917696
0.010344,0.000410,0.000386,1.268065,0.000341,0.000495,3.730435
0.011128,0.000482,0.000374,1.343445,0.000327,0.000533,2.911672
0.009663,0.000315,0.000503,1.361821,0.000305,0.000498,2.763794
0.008584,0.000324,0.000421,1.314607,0.000317,0.000428,3.178573
0.009090,0.000326,0.000446,1.324934,0.000323,0.000445,3.077551
0.009874,0.000338,0.000446,1.264957,0.000340,0.000456,3.774194
0.010929,0.000362,0.000482,1.323773,0.000351,0.000495,3.088586
0.007167,0.000283,0.000395,1.293871,0.000280,0.000407,3.402856
0.007583,0.000301,0.000386,1.271860,0.000287,0.000420,3.678363
0.008289,0.000313,0.000422,1.323636,0.000298,0.000443,3.089888
0.008747,0.000323,0.000423,1.295715,0.000305,0.000458,3.381630
0.009350,0.000315,0.000465,1.300584,0.000311,0.000483,3.326859
0.007204,0.000313,0.000338,1.218410,0.000326,0.000348,4.578544
0.007740,0.000326,0.000350,1.219626,0.000334,0.000363,4.553192
0.007945,0.000313,0.000362,1.183612,0.000333,0.000373,5.446281
0.008608,0.000338,0.000374,1.215686,0.000354,0.000382,4.636364
0.009289,0.000350,0.000374,1.166775,0.000369,0.000396,5.996109
0.008476,0.000324,0.000394,1.246088,0.000320,0.000415,4.063585
0.009518,0.000329,0.000426,1.220773,0.000331,0.000452,4.529549
0.007680,0.000313,0.000374,1.265306,0.000321,0.000378,3.769231
0.008283,0.000326,0.000386,1.257642,0.000330,0.000394,3.881356
0.010977,0.000356,0.000458,1.232290,0.000353,0.000488,4.304969
0.008904,0.000338,0.000398,1.251185,0.000344,0.000405,3.981132
0.011839,0.000369,0.000488,1.263080,0.000364,0.000507,3.801121
0.008572,0.000338,0.000374,1.220816,0.000350,0.000385,4.528662
0.012514,0.000383,0.000496,1.258574,0.000375,0.000522,3.867363
0.009229,0.000350,0.000386,1.212280,0.000363,0.000398,4.710769
0.007161,0.000280,0.000404,1.313131,0.000272,0.000425,3.193549
0.007921,0.000301,0.000410,1.293759,0.000291,0.000435,3.404145
0.008675,0.000315,0.000429,1.291847,0.000298,0.000470,3.426458
0.009711,0.000321,0.000476,1.306038,0.000313,0.000497,3.267569
0.007348,0.000277,0.000406,1.269115,0.000276,0.000420,3.715880
0.007909,0.000278,0.000427,1.245018,0.000282,0.000444,4.081328
0.008572,0.000283,0.000449,1.228692,0.000287,0.000477,4.372691
0.009169,0.000294,0.000471,1.254041,0.000295,0.000495,3.936365
0.007433,0.000301,0.000398,1.338199,0.000297,0.000402,2.956835
0.008048,0.000313,0.000398,1.285393,0.000319,0.000407,3.503937
0.008524,0.000326,0.000410,1.298444,0.000326,0.000419,3.350711
0.007963,0.000326,0.000434,1.471612,0.000305,0.000451,2.120385
0.009573,0.000338,0.000446,1.304786,0.000339,0.000459,3.280992
0.007577,0.000301,0.000401,1.321828,0.000299,0.000401,3.107245
0.007951,0.000319,0.000393,1.308506,0.000305,0.000410,3.241430
0.008554,0.000318,0.000421,1.297252,0.000315,0.000429,3.364154
0.009223,0.000329,0.000442,1.307712,0.000324,0.000449,3.249790
0.010061,0.000374,0.000422,1.300180,0.000338,0.000471,3.331337
0.005877,0.000253,0.000362,1.292308,0.000262,0.000390,3.421053
0.008379,0.000350,0.000374,1.293525,0.000326,0.000435,3.406863
0.009295,0.000410,0.000350,1.278859,0.000319,0.000461,3.586046
0.008361,0.000298,0.000460,1.362653,0.000290,0.000452,2.757457
0.007686,0.000313,0.000374,1.264314,0.000318,0.000381,3.783383
0.008048,0.000313,0.000386,1.246442,0.000318,0.000400,4.057751
0.008319,0.000333,0.000396,1.316663,0.000322,0.000410,3.157933
0.008988,0.000338,0.000410,1.276995,0.000332,0.000426,3.610169
0.009699,0.000350,0.000422,1.261653,0.000350,0.000435,3.821853
0.010194,0.000350,0.000446,1.269072,0.000351,0.000455,3.716484
0.008445,0.000338,0.000398,1.319058,0.000331,0.000450,3.134228
0.009983,0.000398,0.000398,1.315217,0.000347,0.000482,3.172414
0.011140,0.000458,0.000386,1.316017,0.000335,0.000526,3.164384
0.010664,0.000318,0.000529,1.305472,0.000318,0.000522,3.273620
0.009977,0.000315,0.000494,1.296677,0.000314,0.000494,3.370672
0.008886,0.000307,0.000460,1.318860,0.000300,0.000465,3.136173
0.008011,0.000313,0.000374,1.212942,0.000322,0.000389,4.696113
0.008397,0.000326,0.000386,1.240488,0.000328,0.000401,4.158209
0.008964,0.000338,0.000398,1.242771,0.000340,0.000410,4.119113
0.009404,0.000338,0.000410,1.220513,0.000342,0.000428,4.534883
0.009742,0.000350,0.000422,1.256188,0.000345,0.000442,3.903382
0.010561,0.000350,0.000446,1.224886,0.000355,0.000462,4.446701
0.010935,0.000362,0.000446,1.223815,0.000365,0.000469,4.467980
0.006535,0.000326,0.000350,1.444649,0.000283,0.000420,2.248963
0.008126,0.000374,0.000374,1.425816,0.000305,0.000463,2.348432
0.009512,0.000446,0.000374,1.453739,0.000304,0.000529,2.203911
0.010182,0.000304,0.000569,1.408455,0.000292,0.000554,2.448251
0.009657,0.000307,0.000529,1.393258,0.000281,0.000541,2.542858
0.008922,0.000282,0.000538,1.410324,0.000265,0.000531,2.437096
0.007463,0.000313,0.000350,1.218094,0.000320,0.000366,4.585185
0.007119,0.000313,0.000326,1.188823,0.000318,0.000351,5.295964
0.007626,0.000338,0.000398,1.460870,0.000316,0.000443,2.169811
0.009506,0.000398,0.000410,1.422955,0.000340,0.000489,2.364318
0.010405,0.000422,0.000398,1.338355,0.000327,0.000508,2.955479
0.011176,0.000327,0.000556,1.348499,0.000323,0.000540,2.869446
0.009886,0.000315,0.000503,1.331097,0.000308,0.000506,3.020259
0.005883,0.000217,0.000422,1.290984,0.000229,0.000454,3.436620
0.008295,0.000277,0.000458,1.270349,0.000299,0.000487,3.698925
0.010808,0.000338,0.000518,1.343001,0.000347,0.000559,2.915447
0.013268,0.000398,0.000555,1.379373,0.000397,0.000595,2.635928
0.015510,0.000458,0.000555,1.358725,0.000429,0.000622,2.787649
0.017277,0.000506,0.000555,1.348220,0.000446,0.000639,2.871743
0.018295,0.000555,0.000530,1.333773,0.000439,0.000664,2.996051
0.017560,0.000418,0.000664,1.310394,0.000423,0.000650,3.221713
0.016240,0.000407,0.000646,1.343919,0.000407,0.000624,2.907663
0.007174,0.000301,0.000386,1.344538,0.000296,0.000432,2.902439
0.008668,0.000338,0.000410,1.324061,0.000334,0.000456,3.085837
0.010465,0.000398,0.000410,1.292627,0.000365,0.000494,3.417323
0.011646,0.000446,0.000410,1.302277,0.000367,0.000521,3.308219
0.012255,0.000494,0.000386,1.290703,0.000352,0.000547,3.439932
0.011333,0.000482,0.000374,1.319149,0.000339,0.000526,3.133333
0.005733,0.000265,0.000362,1.388013,0.000263,0.000402,2.577236
0.007174,0.000313,0.000374,1.354622,0.000291,0.000426,2.819905
0.008819,0.000386,0.000374,1.356118,0.000319,0.000472,2.808061
0.009940,0.000434,0.000374,1.353548,0.000315,0.000510,2.828473
0.010350,0.000482,0.000350,1.351194,0.000308,0.000529,2.847430
0.009989,0.000327,0.000513,1.395100,0.000297,0.000523,2.531007
0.005323,0.000205,0.000374,1.193658,0.000219,0.000408,5.163743
0.008861,0.000265,0.000543,1.346939,0.000281,0.000572,2.882353
0.011671,0.000326,0.000591,1.366736,0.000344,0.000615,2.726761
0.014064,0.000374,0.000627,1.381912,0.000385,0.000662,2.618406
0.017072,0.000434,0.000651,1.372881,0.000449,0.000689,2.681818
0.019344,0.000482,0.000663,1.371144,0.000489,0.000703,2.694375
0.021316,0.000518,0.000639,1.289027,0.000515,0.000702,3.459882
0.022768,0.000567,0.000627,1.294149,0.000526,0.000710,3.399640
0.024016,0.000603,0.000603,1.255020,0.000532,0.000716,3.921260
0.007409,0.000301,0.000374,1.261188,0.000304,0.000387,3.828660
0.007855,0.000313,0.000386,1.277053,0.000316,0.000394,3.609418
0.008530,0.000326,0.000398,1.259364,0.000327,0.000410,3.855586
0.008017,0.000313,0.000374,1.212030,0.000320,0.000391,4.716312
0.008626,0.000326,0.000386,1.207547,0.000335,0.000401,4.818182
0.009169,0.000338,0.000398,1.214990,0.000344,0.000416,4.651376
0.009687,0.000350,0.000410,1.227131,0.000351,0.000429,4.402740
0.010326,0.000362,0.000422,1.225919,0.000359,0.000449,4.426357
0.009295,0.000345,0.000410,1.261738,0.000341,0.000429,3.820617
0.009729,0.000341,0.000428,1.244248,0.000345,0.000445,4.094199
0.010284,0.000358,0.000439,1.268585,0.000356,0.000456,3.723210
0.011086,0.000359,0.000452,1.214487,0.000367,0.000474,4.662278
0.030641,0.000584,0.000841,1.329736,0.000568,0.000882,3.032732
0.033233,0.000597,0.000882,1.313309,0.000587,0.000921,3.191742
0.034216,0.000607,0.000901,1.326024,0.000595,0.000940,3.067263
0.036199,0.000629,0.000925,1.332007,0.000607,0.000976,3.011985
0.037423,0.000621,0.000944,1.299665,0.000612,0.000992,3.337055
0.007752,0.000278,0.000412,1.226128,0.000282,0.000430,4.422279
0.008397,0.000286,0.000437,1.232435,0.000290,0.000458,4.302282
0.008928,0.000313,0.000434,1.264011,0.000305,0.000463,3.787724
0.009410,0.000326,0.000446,1.279949,0.000318,0.000471,3.572082
0.009946,0.000338,0.000458,1.289697,0.000328,0.000479,3.451883
0.010700,0.000350,0.000470,1.274366,0.000344,0.000488,3.644764
0.010790,0.000350,0.000470,1.263687,0.000340,0.000498,3.792373
0.011441,0.000351,0.000504,1.283565,0.000348,0.000519,3.526525
0.011701,0.000362,0.000506,1.298300,0.000351,0.000533,3.352332
0.012539,0.000374,0.000506,1.251923,0.000367,0.000536,3.969466
0.006981,0.000289,0.000386,1.326425,0.000277,0.000406,3.063492
0.007457,0.000301,0.000398,1.333872,0.000287,0.000418,2.995157
0.007999,0.000313,0.000398,1.293142,0.000301,0.000420,3.411311
0.008355,0.000317,0.000420,1.321301,0.000312,0.000430,3.112351
0.008958,0.000338,0.000422,1.318977,0.000327,0.000442,3.135021
0.009247,0.000338,0.000446,1.350717,0.000325,0.000459,2.851301
0.010501,0.000350,0.000458,1.265212,0.000350,0.000471,3.770563
0.008361,0.000298,0.000424,1.254506,0.000301,0.000435,3.929181
0.009217,0.000323,0.000434,1.261980,0.000316,0.000457,3.817085
0.010055,0.000329,0.000466,1.264997,0.000328,0.000480,3.773626
0.010585,0.000326,0.000490,1.249378,0.000328,0.000505,4.009982
0.010320,0.000350,0.000470,1.321262,0.000344,0.000482,3.112727
0.010790,0.000362,0.000494,1.374302,0.000348,0.000512,2.671642
0.011490,0.000374,0.000506,1.366212,0.000357,0.000533,2.730659
0.012171,0.000374,0.000518,1.320456,0.000365,0.000547,3.120556
0.013835,0.000398,0.000543,1.294118,0.000387,0.000569,3.400000
0.014558,0.000410,0.000567,1.323395,0.000394,0.000593,3.092190
0.006914,0.000270,0.000395,1.282005,0.000265,0.000417,3.546035
0.008397,0.000284,0.000454,1.276382,0.000282,0.000472,3.618181
0.006589,0.000326,0.000350,1.432754,0.000292,0.000419,2.310782
0.008337,0.000386,0.000374,1.434563,0.000312,0.000475,2.301165
0.009687,0.000305,0.000534,1.394649,0.000310,0.000512,2.533899
0.009754,0.000297,0.000542,1.365468,0.000293,0.000532,2.736220
0.007403,0.000275,0.000404,1.245928,0.000275,0.000421,4.066228
0.008234,0.000284,0.000432,1.233486,0.000285,0.000453,4.282920
0.006878,0.000313,0.000362,1.367222,0.000297,0.000409,2.723150
0.008433,0.000374,0.000374,1.373838,0.000319,0.000446,2.674952
0.009301,0.000307,0.000486,1.329877,0.000297,0.000490,3.031436
0.008385,0.000386,0.000362,1.380302,0.000323,0.000448,2.629490
0.006324,0.000301,0.000338,1.334604,0.000279,0.000377,2.988604
0.010163,0.000317,0.000577,1.494148,0.000309,0.000546,2.023683
0.008234,0.000302,0.000448,1.361381,0.000305,0.000436,2.767165
0.008030,0.000290,0.000499,1.494543,0.000283,0.000472,2.022068
0.007933,0.000313,0.000397,1.296865,0.000304,0.000415,3.368535
0.008548,0.000313,0.000431,1.308886,0.000306,0.000444,3.237445
0.009247,0.000325,0.000443,1.290743,0.000322,0.000454,3.439462
0.010037,0.000362,0.000434,1.297297,0.000339,0.000470,3.363636
0.011200,0.000371,0.000474,1.300824,0.000354,0.000498,3.324205
0.017753,0.000434,0.000651,1.320204,0.000421,0.000694,3.123012
0.018350,0.000434,0.000675,1.324573,0.000427,0.000716,3.080972
0.020435,0.000458,0.000711,1.322714,0.000445,0.000746,3.098720
0.021466,0.000470,0.000723,1.314238,0.000456,0.000765,3.182306
0.023003,0.000486,0.000767,1.344340,0.000469,0.000801,2.904109
0.010254,0.000434,0.000434,1.523810,0.000336,0.000538,1.909091
0.011604,0.000324,0.000597,1.381818,0.000333,0.000567,2.619049
0.011236,0.000304,0.000592,1.328701,0.000308,0.000581,3.042276
0.010254,0.000298,0.000537,1.296296,0.000306,0.000536,3.375000
0.009229,0.000281,0.000512,1.293272,0.000289,0.000507,3.409801
0.008602,0.000281,0.000484,1.309639,0.000284,0.000482,3.229566
0.008807,0.000338,0.000386,1.226557,0.000318,0.000432,4.413898
0.009494,0.000319,0.000447,1.245714,0.000324,0.000459,4.069770
0.010350,0.000333,0.000466,1.244434,0.000334,0.000484,4.091092
0.008234,0.000309,0.000408,1.270006,0.000306,0.000424,3.703620
0.008626,0.000313,0.000422,1.271838,0.000312,0.000435,3.678663
0.009386,0.000345,0.000426,1.298908,0.000329,0.000450,3.345511
0.010772,0.000350,0.000470,1.265809,0.000348,0.000486,3.762105
0.011170,0.000350,0.000482,1.252024,0.000352,0.000500,3.967880
0.009127,0.000350,0.000398,1.264201,0.000330,0.000437,3.785000
0.009989,0.000362,0.000422,1.267351,0.000341,0.000461,3.740406
0.010501,0.000374,0.000434,1.281286,0.000349,0.000475,3.555102
0.008060,0.000338,0.000386,1.340314,0.000313,0.000444,2.938462
0.009404,0.000398,0.000374,1.311538,0.000326,0.000475,3.209877
0.010591,0.000470,0.000362,1.331816,0.000315,0.000534,3.013722
0.016577,0.000518,0.000772,2.001455,0.000478,0.000800,0.998548
0.017542,0.000782,0.000508,1.879719,0.000474,0.000799,1.136726
0.018519,0.000799,0.000506,1.812990,0.000477,0.000798,1.230028
0.009193,0.000338,0.000398,1.211803,0.000346,0.000416,4.721362
0.010374,0.000362,0.000434,1.255084,0.000365,0.000446,3.920273
0.011164,0.000362,0.000458,1.231102,0.000369,0.000475,4.327103
0.008687,0.000313,0.000410,1.226926,0.000324,0.000422,4.406728
0.009772,0.000326,0.000446,1.232572,0.000336,0.000457,4.299735
0.010760,0.000350,0.000458,1.234734,0.000357,0.000475,4.260143
0.012207,0.000362,0.000506,1.244444,0.000367,0.000526,4.090909
0.025427,0.000493,0.000934,1.502289,0.000447,0.000938,1.990885
0.026030,0.000543,0.000832,1.438165,0.000474,0.000896,2.282244
0.027048,0.000567,0.000796,1.382661,0.000498,0.000878,2.613279
0.008108,0.000293,0.000421,1.263554,0.000292,0.000443,3.794294
0.025511,0.000567,0.000760,1.399338,0.000501,0.000822,2.504142
0.008723,0.000299,0.000443,1.260993,0.000300,0.000465,3.831516
0.006022,0.000301,0.000338,1.401401,0.000267,0.000399,2.491272
0.007650,0.000362,0.000362,1.418440,0.000282,0.000461,2.389831
0.008675,0.000410,0.000362,1.417651,0.000288,0.000494,2.394343
0.009066,0.000291,0.000539,1.436170,0.000276,0.000519,2.292684
0.008228,0.000280,0.000500,1.413721,0.000267,0.000488,2.417085
0.007945,0.000264,0.000486,1.340667,0.000250,0.000499,2.935414
0.007186,0.000249,0.000473,1.355868,0.000239,0.000469,2.810027
0.007457,0.000301,0.000398,1.333872,0.000307,0.000430,2.995157
0.007608,0.000301,0.000386,1.267829,0.000296,0.000432,3.733728
0.010049,0.000410,0.000386,1.305339,0.000336,0.000479,3.275049
0.009549,0.000398,0.000374,1.291667,0.000321,0.000466,3.428571
0.009283,0.000315,0.000469,1.321429,0.000316,0.000460,3.111111
0.016131,0.000430,0.000579,1.281764,0.000430,0.000599,3.549070
0.016577,0.000434,0.000595,1.292941,0.000431,0.000613,3.413652
0.018048,0.000456,0.000618,1.295217,0.000452,0.000641,3.387334
0.018519,0.000452,0.000632,1.278823,0.000449,0.000657,3.586501
0.019375,0.000473,0.000645,1.306783,0.000464,0.000669,3.259633
0.021093,0.000497,0.000678,1.326093,0.000486,0.000694,3.066608
0.022383,0.000502,0.000698,1.298758,0.000500,0.000714,3.347186
0.032757,0.000544,0.000945,1.301505,0.000531,0.001007,3.316697
0.034240,0.000551,0.000972,1.298481,0.000540,0.001033,3.350302
0.040973,0.000594,0.001064,1.278305,0.000576,0.001153,3.593175
0.005606,0.000277,0.000338,1.384946,0.000270,0.000377,2.597765
0.006721,0.000301,0.000350,1.300448,0.000303,0.000385,3.328358
0.008301,0.000350,0.000374,1.305737,0.000315,0.000434,3.270784
0.009277,0.000422,0.000362,1.364522,0.000309,0.000493,2.743315
0.009042,0.000294,0.000498,1.344820,0.000289,0.000494,2.900059
0.007143,0.000273,0.000443,1.404219,0.000264,0.000433,2.473905
0.007813,0.000297,0.000401,1.263231,0.000291,0.000421,3.798950
0.008451,0.000301,0.000428,1.265836,0.000299,0.000444,3.761713
0.008916,0.000305,0.000441,1.248778,0.000307,0.000457,4.019647
0.009705,0.000314,0.000463,1.243058,0.000318,0.000480,4.114251
0.008747,0.000338,0.000410,1.312199,0.000315,0.000437,3.203090
0.010923,0.000338,0.000491,1.260502,0.000334,0.000518,3.838747
0.008560,0.000300,0.000430,1.249774,0.000304,0.000441,4.003621
0.011146,0.000336,0.000494,1.236598,0.000338,0.000520,4.226571
0.013196,0.000398,0.000543,1.356783,0.000373,0.000606,2.802821
0.014450,0.000434,0.000555,1.381727,0.000376,0.000630,2.619672
0.015293,0.000482,0.000543,1.418999,0.000378,0.000641,2.386642
0.015806,0.000391,0.000669,1.371962,0.000377,0.000659,2.688448
0.015293,0.000389,0.000647,1.363880,0.000370,0.000652,2.748157
0.014251,0.000365,0.000631,1.340394,0.000353,0.000635,2.937771
0.013286,0.000362,0.000601,1.359341,0.000345,0.000606,2.782873
0.012520,0.000345,0.000582,1.331339,0.000339,0.000579,3.018053
0.017506,0.000406,0.000668,1.285924,0.000394,0.000714,3.497428
0.018193,0.000413,0.000682,1.283266,0.000402,0.000728,3.530251
0.022214,0.000460,0.000764,1.311345,0.000440,0.000818,3.211866
0.008301,0.000338,0.000422,1.423384,0.000290,0.000476,2.361921
0.009271,0.000386,0.000398,1.373212,0.000312,0.000480,2.679442
0.009211,0.000307,0.000486,1.342932,0.000310,0.000474,2.916031
0.011936,0.000355,0.000527,1.299534,0.000345,0.000557,3.338521
0.010097,0.000312,0.000510,1.306186,0.000309,0.000520,3.265985
0.012623,0.000362,0.000543,1.289398,0.000352,0.000579,3.455446
0.008030,0.000302,0.000437,1.362162,0.000286,0.000441,2.761195
0.013569,0.000374,0.000555,1.266992,0.000370,0.000597,3.745424
0.014468,0.000386,0.000579,1.280000,0.000378,0.000619,3.571429
0.015559,0.000403,0.000607,1.305068,0.000394,0.000641,3.277962
0.016457,0.000422,0.000615,1.307692,0.000406,0.000660,3.250000
0.025288,0.000525,0.000784,1.349446,0.000496,0.000833,2.861674
0.026331,0.000525,0.000818,1.352705,0.000507,0.000850,2.835230
0.006872,0.000326,0.000362,1.421053,0.000287,0.000416,2.375000
0.027115,0.000532,0.000818,1.330503,0.000514,0.000861,3.025696
0.008126,0.000374,0.000362,1.379822,0.000298,0.000462,2.632813
0.008843,0.000386,0.000362,1.308793,0.000309,0.000463,3.238411
0.029773,0.000553,0.000866,1.334480,0.000535,0.000907,2.989712
0.009555,0.000310,0.000512,1.377892,0.000301,0.000502,2.646258
0.031256,0.000569,0.000892,1.347434,0.000550,0.000931,2.878245
0.008952,0.000482,0.000326,1.454545,0.000278,0.000515,2.200000
0.008228,0.000434,0.000313,1.371429,0.000278,0.000471,2.692308
0.007813,0.000290,0.000443,1.364197,0.000274,0.000449,2.745764
0.036024,0.000604,0.000963,1.337903,0.000584,0.001006,2.959427
0.023100,0.000422,0.000977,1.479645,0.000408,0.001087,2.084875
0.024637,0.000434,0.000940,1.374113,0.000411,0.001081,2.672989
0.025240,0.000434,0.000904,1.289706,0.000417,0.001033,3.451772
0.028200,0.000543,0.000880,1.404446,0.000505,0.000963,2.472516
0.027947,0.000555,0.000844,1.389129,0.000497,0.000938,2.569845
0.017753,0.000431,0.000649,1.306960,0.000404,0.000709,3.257751
0.018754,0.000427,0.000701,1.325592,0.000409,0.000746,3.071328
0.021032,0.000451,0.000746,1.327586,0.000431,0.000794,3.052634
0.022377,0.000459,0.000776,1.318634,0.000441,0.000821,3.138398
0.005727,0.000301,0.000326,1.421053,0.000259,0.000390,2.375000
0.006896,0.000362,0.000338,1.468531,0.000280,0.000435,2.134328
0.008011,0.000398,0.000350,1.440181,0.000274,0.000481,2.271795
0.008717,0.000286,0.000528,1.433450,0.000276,0.000508,2.307071
0.009084,0.000276,0.000553,1.393527,0.000265,0.000541,2.541120
0.007963,0.000255,0.000509,1.353610,0.000246,0.000508,2.827976
0.007692,0.000288,0.000407,1.265011,0.000287,0.000422,3.773431
0.008331,0.000295,0.000421,1.238103,0.000297,0.000437,4.199857
0.008970,0.000311,0.000430,1.235613,0.000310,0.000453,4.244245
0.010170,0.000320,0.000477,1.244813,0.000324,0.000494,4.084751
0.005275,0.000301,0.000326,1.542857,0.000247,0.000387,1.842105
0.006577,0.000338,0.000374,1.591201,0.000263,0.000452,1.691473
0.008349,0.000410,0.000398,1.620217,0.000303,0.000512,1.612340
0.009320,0.000434,0.000398,1.536869,0.000308,0.000535,1.862651
0.010296,0.000349,0.000535,1.502482,0.000308,0.000563,1.990122
0.007957,0.000313,0.000374,1.221212,0.000314,0.000393,4.520548
0.010700,0.000317,0.000592,1.456019,0.000297,0.000584,2.192892
0.008030,0.000301,0.000374,1.163664,0.000312,0.000399,6.110092
0.008620,0.000329,0.000404,1.279720,0.000319,0.000421,3.575000
0.009705,0.000308,0.000560,1.474924,0.000284,0.000561,2.105599
0.009042,0.000326,0.000410,1.224000,0.000326,0.000433,4.464286
0.009217,0.000295,0.000539,1.429589,0.000278,0.000536,2.327809
0.009398,0.000338,0.000410,1.221296,0.000334,0.000439,4.518841
0.008403,0.000285,0.000513,1.440459,0.000267,0.000512,2.270358
0.010037,0.000338,0.000446,1.244444,0.000337,0.000464,4.090909
0.010839,0.000362,0.000458,1.268076,0.000357,0.000470,3.730290
0.018657,0.000470,0.000663,1.386107,0.000441,0.000711,2.589958
0.019718,0.000482,0.000675,1.369612,0.000457,0.000724,2.705542
0.020972,0.000494,0.000711,1.390630,0.000466,0.000745,2.559971
0.022081,0.000494,0.000723,1.343161,0.000476,0.000769,2.914081
0.023082,0.000518,0.000735,1.370070,0.000488,0.000783,2.702188
0.024022,0.000518,0.000760,1.359599,0.000503,0.000806,2.780879
0.009072,0.000302,0.000464,1.280000,0.000298,0.000487,3.571430
0.010435,0.000333,0.000492,1.300462,0.000319,0.000524,3.328202
0.007246,0.000286,0.000388,1.267552,0.000290,0.000397,3.737586
0.007547,0.000294,0.000393,1.266933,0.000297,0.000401,3.746260
0.006155,0.000229,0.000398,1.228208,0.000243,0.000432,4.381974
0.008210,0.000313,0.000398,1.259912,0.000299,0.000430,3.847458
0.023703,0.000555,0.000675,1.310275,0.000532,0.000747,3.222951
0.025348,0.000603,0.000663,1.307967,0.000545,0.000754,3.247104
0.026301,0.000639,0.000639,1.287646,0.000548,0.000755,3.476494
0.024348,0.000627,0.000615,1.313196,0.000525,0.000723,3.192885
0.022485,0.000615,0.000591,1.339946,0.000507,0.000696,2.941640
0.007698,0.000313,0.000374,1.262334,0.000304,0.000396,3.811940
0.008283,0.000326,0.000386,1.257642,0.000309,0.000415,3.881356
0.009693,0.000342,0.000436,1.279117,0.000330,0.000461,3.582722
0.010573,0.000339,0.000469,1.248232,0.000340,0.000493,4.028483
0.007324,0.000350,0.000334,1.326749,0.000302,0.000380,3.060454
0.008017,0.000326,0.000374,1.258647,0.000322,0.000389,3.866279
0.008494,0.000326,0.000386,1.226402,0.000327,0.000407,4.416928
0.008186,0.000326,0.000398,1.312224,0.000314,0.000411,3.202830
0.009579,0.000338,0.000434,1.268722,0.000344,0.000440,3.721312
0.010254,0.000350,0.000458,1.295708,0.000349,0.000465,3.381710
0.008608,0.000277,0.000639,1.707283,0.000284,0.000644,1.413861
0.012056,0.000326,0.000687,1.539000,0.000341,0.000699,1.855288
0.014932,0.000374,0.000687,1.426726,0.000388,0.000707,2.343425
0.008271,0.000290,0.000427,1.240816,0.000296,0.000441,4.152547
0.017910,0.000422,0.000699,1.366543,0.000435,0.000733,2.728191
0.020050,0.000470,0.000687,1.336741,0.000477,0.000719,2.969643
0.009687,0.000318,0.000464,1.265032,0.000316,0.000484,3.773123
0.021050,0.000506,0.000651,1.298969,0.000511,0.000682,3.344828
0.019754,0.000506,0.000639,1.358560,0.000491,0.000657,2.788936
0.019350,0.000470,0.000699,1.409346,0.000445,0.000743,2.442922
0.019097,0.000482,0.000711,1.489899,0.000455,0.000753,2.041237
0.020785,0.000489,0.000718,1.401153,0.000465,0.000764,2.492816
0.021466,0.000506,0.000735,1.438922,0.000472,0.000784,2.278311
0.022799,0.000499,0.000765,1.389404,0.000477,0.000810,2.568028
0.024076,0.000518,0.000784,1.399599,0.000494,0.000823,2.502506
0.024854,0.000530,0.000784,1.387339,0.000504,0.000832,2.581716
0.026325,0.000543,0.000808,1.380811,0.000518,0.000858,2.625977
0.026886,0.000530,0.000820,1.341704,0.000518,0.000872,2.926509
0.010929,0.000326,0.000519,1.282649,0.000321,0.000542,3.537952
0.011508,0.000339,0.000528,1.288986,0.000328,0.000561,3.460375
0.013111,0.000359,0.000573,1.300767,0.000343,0.000613,3.324833
0.007378,0.000297,0.000383,1.276144,0.000297,0.000391,3.621303
0.007867,0.000307,0.000404,1.310345,0.000302,0.000410,3.222222
0.008470,0.000299,0.000422,1.237395,0.000296,0.000449,4.212383
0.009826,0.000338,0.000446,1.271166,0.000325,0.000477,3.687783
0.024939,0.000492,0.000804,1.314673,0.000483,0.000831,3.177904
0.026102,0.000511,0.000810,1.315963,0.000507,0.000829,3.164926
0.028700,0.000525,0.000846,1.284087,0.000511,0.000906,3.520045
0.007149,0.000277,0.000362,1.163575,0.000287,0.000387,6.113402
0.007505,0.000289,0.000374,1.195181,0.000298,0.000390,5.123457
0.008259,0.000313,0.000386,1.214599,0.000313,0.000411,4.659864
0.008843,0.000338,0.000398,1.259714,0.000326,0.000426,3.850394
0.009157,0.000333,0.000424,1.279179,0.000336,0.000430,3.581929
0.009374,0.000350,0.000410,1.268167,0.000337,0.000435,3.729017
0.010200,0.000362,0.000422,1.241135,0.000352,0.000453,4.147059
0.010465,0.000350,0.000434,1.202765,0.000353,0.000461,4.931818
0.007234,0.000313,0.000350,1.256667,0.000294,0.000387,3.896104
0.007813,0.000338,0.000350,1.253086,0.000312,0.000396,3.951220
0.008470,0.000350,0.000374,1.279715,0.000321,0.000419,3.575064
0.008753,0.000350,0.000386,1.278237,0.000323,0.000426,3.594059
0.009326,0.000346,0.000413,1.270999,0.000329,0.000445,3.690057
0.011972,0.000414,0.000560,1.605695,0.000416,0.000556,1.650996
0.012514,0.000426,0.000565,1.593512,0.000424,0.000567,1.684885
0.012816,0.000428,0.000569,1.575254,0.000417,0.000580,1.738361
0.013413,0.000432,0.000580,1.547509,0.000418,0.000593,1.826453
0.013823,0.000443,0.000584,1.554072,0.000432,0.000598,1.804819
0.014679,0.000447,0.000595,1.503176,0.000436,0.000612,1.987378
0.015402,0.000454,0.000595,1.455498,0.000439,0.000616,2.195402
0.008072,0.000292,0.000421,1.262156,0.000295,0.000432,3.814518
0.017331,0.000466,0.000609,1.357180,0.000449,0.000628,2.799712
0.018133,0.000480,0.000609,1.337367,0.000464,0.000640,2.964131
0.008922,0.000306,0.000443,1.258742,0.000307,0.000455,3.864856
0.018663,0.000489,0.000619,1.347582,0.000473,0.000645,2.877022
0.019139,0.000501,0.000625,1.359118,0.000479,0.000654,2.784600
0.019827,0.000496,0.000642,1.331468,0.000481,0.000671,3.016878
0.020496,0.000501,0.000647,1.312941,0.000491,0.000677,3.195490
0.021026,0.000512,0.000658,1.329128,0.000498,0.000689,3.038327
0.022642,0.000541,0.000705,1.397829,0.000508,0.000730,2.513642
0.023166,0.000538,0.000709,1.365761,0.000512,0.000743,2.734027
0.023703,0.000539,0.000706,1.332655,0.000525,0.000729,3.006116
0.024884,0.000550,0.000739,1.354070,0.000529,0.000768,2.824304
0.009054,0.000305,0.000479,1.339189,0.000290,0.000501,2.948209
0.010218,0.000307,0.000506,1.263115,0.000306,0.000528,3.800625
0.010995,0.000318,0.000528,1.267982,0.000317,0.000556,3.731587
0.018730,0.000277,0.001049,1.288059,0.000288,0.001249,3.471508
0.021967,0.000338,0.001037,1.321625,0.000334,0.001217,3.109215
0.025234,0.000362,0.001025,1.218347,0.000378,0.001199,4.579869
0.028580,0.000446,0.001013,1.311116,0.000439,0.001142,3.214237
0.030780,0.000494,0.000977,1.300823,0.000484,0.001097,3.324219
0.031443,0.000518,0.000928,1.269555,0.000508,0.001028,3.709815
0.006287,0.000277,0.000351,1.280920,0.000275,0.000367,3.559731
0.006492,0.000289,0.000350,1.292479,0.000281,0.000368,3.419048
0.007475,0.000301,0.000362,1.209677,0.000306,0.000386,4.769231
0.021472,0.000550,0.000576,1.224258,0.000558,0.000602,4.459157
0.008994,0.000386,0.000398,1.415550,0.000344,0.000478,2.406452
0.022389,0.000555,0.000589,1.210322,0.000567,0.000619,4.754618
0.010188,0.000434,0.000386,1.363314,0.000335,0.000515,2.752443
0.023444,0.000554,0.000613,1.202081,0.000572,0.000648,4.948520
0.011435,0.000482,0.000374,1.307327,0.000340,0.000541,3.253859
0.024697,0.000579,0.000615,1.195021,0.000588,0.000663,5.127660
0.011068,0.000341,0.000546,1.394335,0.000328,0.000535,2.535913
0.025547,0.000617,0.000634,1.268569,0.000608,0.000667,3.723445
0.010127,0.000482,0.000350,1.380952,0.000313,0.000513,2.625000
0.026687,0.000602,0.000653,1.221610,0.000617,0.000681,4.512428
0.009506,0.000458,0.000338,1.349398,0.000304,0.000496,2.862069
0.027784,0.000603,0.000663,1.193317,0.000620,0.000708,5.172840
0.029345,0.000636,0.000681,1.224566,0.000640,0.000722,4.453029
0.006914,0.000281,0.000380,1.281563,0.000277,0.000389,3.551607
0.007204,0.000297,0.000361,1.233473,0.000295,0.000385,4.283156
0.008783,0.000313,0.000437,1.289773,0.000311,0.000445,3.450972
0.004557,0.000425,0.000213,1.647460,0.000200,0.000422,1.544496
0.006408,0.000417,0.000234,1.263318,0.000236,0.000433,3.797685
0.011074,0.000312,0.000534,1.248675,0.000313,0.000562,4.021305
0.011550,0.000324,0.000538,1.250064,0.000324,0.000569,3.998981
0.012159,0.000458,0.000434,1.356470,0.000374,0.000538,2.805285
0.012370,0.000506,0.000410,1.391813,0.000361,0.000548,2.552239
0.011363,0.000470,0.000398,1.365517,0.000347,0.000521,2.735849
0.010971,0.000458,0.000398,1.378022,0.000350,0.000506,2.645349
0.005492,0.000265,0.000350,1.400659,0.000263,0.000374,2.495890
0.007451,0.000326,0.000422,1.529126,0.000306,0.000464,1.889908
0.009639,0.000374,0.000458,1.473421,0.000348,0.000512,2.112285
0.011526,0.000434,0.000470,1.468619,0.000383,0.000548,2.133929
0.013081,0.000482,0.000458,1.400922,0.000384,0.000579,2.494253
0.013750,0.000518,0.000434,1.357299,0.000378,0.000591,2.798773
0.013346,0.000367,0.000588,1.340108,0.000363,0.000583,2.940241
0.012219,0.000351,0.000551,1.313372,0.000348,0.000553,3.191099
0.011556,0.000346,0.000542,1.345516,0.000344,0.000534,2.894225
